1289.5342593756861
1.61890506744
 final_simplex: (array([[  0.39856372,   2.19426155,  -4.73290265,  12.97241616,
          0.4371788 , -11.63470663, -11.7235743 ,  -0.72820353,
          1.36234503,  -0.79697647],
       [  0.39855944,   2.19425919,  -4.73289935,  12.97241409,
          0.43717033, -11.63475961, -11.7236599 ,  -0.72821615,
          1.36235129,  -0.79697538],
       [  0.39856218,   2.1942629 ,  -4.73290374,  12.97241713,
          0.43717456, -11.63470921, -11.72357892,  -0.72820491,
          1.36234878,  -0.79697537],
       [  0.39855732,   2.19426072,  -4.73289942,  12.97241454,
          0.43717819, -11.63471476, -11.7235739 ,  -0.72822328,
          1.36234274,  -0.79697591],
       [  0.39855771,   2.19426245,  -4.73289953,  12.97241473,
          0.43717926, -11.63470214, -11.72356647,  -0.72822355,
          1.36233764,  -0.79697421],
       [  0.39855476,   2.19425758,  -4.73289476,  12.97241104,
          0.43717449, -11.63474632, -11.723658  ,  -0.72821959,
          1.36234072,  -0.79697237],
       [  0.39856337,   2.19426151,  -4.73290538,  12.9724184 ,
          0.43717855, -11.63472317, -11.72357674,  -0.72820988,
          1.36234671,  -0.79697893],
       [  0.3985597 ,   2.19426046,  -4.73290006,  12.97241572,
          0.43717944, -11.63474177, -11.72366402,  -0.72821342,
          1.36234802,  -0.79697673],
       [  0.39855507,   2.19425351,  -4.73289162,  12.97240862,
          0.43716703, -11.63475206, -11.72358797,  -0.72822242,
          1.36234544,  -0.7969735 ],
       [  0.39855677,   2.19425977,  -4.73289647,  12.97241284,
          0.43717347, -11.63474008, -11.72360945,  -0.72822199,
          1.36234496,  -0.79697857],
       [  0.39855628,   2.1942507 ,  -4.73289485,  12.97240961,
          0.43717045, -11.63470727, -11.72357023,  -0.72821863,
          1.36233348,  -0.79696784]]), array([1007.97199243, 1007.97199245, 1007.97199246, 1007.9719925 ,
       1007.97199254, 1007.97199255, 1007.97199255, 1007.97199256,
       1007.97199257, 1007.97199259, 1007.97199261]))
           fun: 1007.9719924289275
       message: 'Optimization terminated successfully.'
          nfev: 1584
           nit: 1107
        status: 0
       success: True
             x: array([  0.39856372,   2.19426155,  -4.73290265,  12.97241616,
         0.4371788 , -11.63470663, -11.7235743 ,  -0.72820353,
         1.36234503,  -0.79697647])
