 final_simplex: (array([[  0.38181256,   2.16955741,  -4.70557406,  12.94851374,
          0.43771614, -11.42561263, -11.34952214,  -0.7552896 ,
          1.32130027,  -0.77768681],
       [  0.38181715,   2.16956171,  -4.70557983,  12.94851801,
          0.43772304, -11.42559979, -11.34950969,  -0.75528383,
          1.32130157,  -0.77769361],
       [  0.38181482,   2.16956397,  -4.70557623,  12.94851696,
          0.43771832, -11.42565154, -11.34960515,  -0.75528887,
          1.32130952,  -0.77769651],
       [  0.38181563,   2.16956767,  -4.70557938,  12.94851889,
          0.43772402, -11.42558949, -11.34947075,  -0.75528704,
          1.3213039 ,  -0.77769769],
       [  0.38181795,   2.16956449,  -4.70557806,  12.94851793,
          0.43771915, -11.42565306, -11.34960667,  -0.75527953,
          1.32131114,  -0.77769593],
       [  0.38181795,   2.1695635 ,  -4.70557851,  12.94851876,
          0.4377282 , -11.42562594, -11.34958576,  -0.75528309,
          1.32129858,  -0.77769391],
       [  0.38181488,   2.16956269,  -4.70557414,  12.94851459,
          0.43772061, -11.42558444, -11.3494855 ,  -0.75528416,
          1.32129412,  -0.77769307],
       [  0.38182195,   2.16956281,  -4.70558101,  12.948519  ,
          0.43772912, -11.4255646 , -11.34949689,  -0.75527126,
          1.32129344,  -0.77768732],
       [  0.38182099,   2.16956764,  -4.7055842 ,  12.94852165,
          0.43771902, -11.42558254, -11.34944015,  -0.75527549,
          1.32130396,  -0.77769694],
       [  0.38181914,   2.16956465,  -4.7055811 ,  12.94851884,
          0.43771759, -11.42562193, -11.34953315,  -0.75528369,
          1.32130509,  -0.77769342],
       [  0.38181594,   2.16956111,  -4.7055743 ,  12.94851466,
          0.43771331, -11.4256679 , -11.34958192,  -0.7552885 ,
          1.32131498,  -0.77769613]]), array([803.53652726, 803.53652726, 803.53652726, 803.53652729,
       803.53652731, 803.53652735, 803.53652737, 803.5365274 ,
       803.5365274 , 803.53652743, 803.53652744]))
           fun: 803.5365272564113
       message: 'Optimization terminated successfully.'
          nfev: 1902
           nit: 1357
        status: 0
       success: True
             x: array([  0.38181256,   2.16955741,  -4.70557406,  12.94851374,
         0.43771614, -11.42561263, -11.34952214,  -0.7552896 ,
         1.32130027,  -0.77768681])
