0.0   4.3156e-14   2.19874e-14   8.38745e-16   2.81214e-25   2.8829e-25   2.47319e-26
0.04139268515822508   6.55504e-14   3.6503e-14   1.27278e-15   4.39214e-25   4.65236e-25   3.73534e-26
0.07918124604762482   9.54456e-14   5.72389e-14   1.86623e-15   6.51873e-25   7.19664e-25   5.43635e-26
0.11394335230683679   1.34164e-13   8.50528e-14   2.651e-15   9.27876e-25   1.06841e-24   7.6527e-26
0.146128035678238   1.82774e-13   1.20355e-13   3.65331e-15   1.27268e-24   1.52361e-24   1.04428e-25
0.17609125905568124   2.41761e-13   1.63e-13   4.88715e-15   1.68849e-24   2.09056e-24   1.38306e-25
0.2041199826559248   3.10668e-13   2.12504e-13   6.34735e-15   2.17074e-24   2.76437e-24   1.77892e-25
0.23044892137827397   3.88056e-13   2.6767e-13   8.00426e-15   2.70867e-24   3.52835e-24   2.22292e-25
0.25527250510330607   4.71193e-13   3.26439e-13   9.80185e-15   3.2827e-24   4.35625e-24   2.69954e-25
0.2787536009528289   5.56775e-13   3.86523e-13   1.16606e-14   3.87197e-24   5.21535e-24   3.18783e-25
0.3010299956639812   6.40637e-13   4.45115e-13   1.34718e-14   4.44711e-24   6.06653e-24   3.66421e-25
0.3222192947339193   7.18913e-13   4.99452e-13   1.51759e-14   4.98323e-24   6.8703e-24   4.10457e-25
0.3424226808222063   7.87967e-13   5.47326e-13   1.66701e-14   5.45568e-24   7.59372e-24   4.48763e-25
0.36172783601759284   8.45125e-13   5.87125e-13   1.78832e-14   5.84827e-24   8.21195e-24   4.79653e-25
0.3802112417116061   8.88522e-13   6.18146e-13   1.87609e-14   6.14968e-24   8.70591e-24   5.01937e-25
0.3979400086720376   9.17057e-13   6.39884e-13   1.92705e-14   6.35375e-24   9.07201e-24   5.14926e-25
0.414973347970818   9.31806e-13   6.52429e-13   1.94925e-14   6.46314e-24   9.31716e-24   5.18732e-25
0.43136376415898736   9.3525e-13   6.56932e-13   1.95222e-14   6.49314e-24   9.45056e-24   5.16144e-25
0.4471580313422192   9.27854e-13   6.5419e-13   1.93467e-14   6.4492e-24   9.4782e-24   5.07763e-25
0.46239799789895614   9.10986e-13   6.44693e-13   1.89989e-14   6.33946e-24   9.4059e-24   4.9455e-25
0.47712125471966244   8.86122e-13   6.29595e-13   1.85114e-14   6.17394e-24   9.24742e-24   4.77469e-25
0.4913616938342727   8.54707e-13   6.09697e-13   1.79141e-14   5.96236e-24   9.01483e-24   4.57414e-25
0.505149978319906   8.18093e-13   5.8573e-13   1.72333e-14   5.71313e-24   8.71639e-24   4.35177e-25
0.5185139398778875   7.7763e-13   5.59089e-13   1.64907e-14   5.43716e-24   8.37201e-24   4.11458e-25
0.5314789170422551   7.34419e-13   5.30154e-13   1.57076e-14   5.14075e-24   7.98711e-24   3.86864e-25
0.5440680443502757   6.89493e-13   4.99736e-13   1.48974e-14   4.83146e-24   7.57426e-24   3.61864e-25
0.5563025007672873   6.43738e-13   4.68352e-13   1.40717e-14   4.51504e-24   7.13806e-24   3.36843e-25
0.568201724066995   5.9793e-13   4.36633e-13   1.32373e-14   4.1972e-24   6.6899e-24   3.12079e-25
0.5797835966168102   5.52702e-13   4.05078e-13   1.23916e-14   3.88267e-24   6.23829e-24   2.87719e-25
0.5910646070264992   5.08611e-13   3.74355e-13   1.15134e-14   3.5761e-24   5.7908e-24   2.63816e-25
0.6020599913279624   4.66009e-13   3.44123e-13   1.05844e-14   3.27804e-24   5.34217e-24   2.4062e-25
0.6127838567197355   4.25268e-13   3.15215e-13   9.70248e-15   2.99321e-24   4.91246e-24   2.18751e-25
0.6232492903979004   3.86603e-13   2.87539e-13   8.86762e-15   2.72219e-24   4.49699e-24   1.98225e-25
0.6334684555795866   3.50216e-13   2.61692e-13   8.07992e-15   2.46804e-24   4.10985e-24   1.79034e-25
0.6434526764861874   3.16159e-13   2.37274e-13   7.34785e-15   2.22955e-24   3.74176e-24   1.61315e-25
0.6532125137753437   2.84478e-13   2.14392e-13   6.66959e-15   2.00732e-24   3.3951e-24   1.45016e-25
0.6627578316815741   2.55199e-13   1.93358e-13   6.04273e-15   1.80252e-24   3.07685e-24   1.30044e-25
0.6720978579357175   2.28239e-13   1.73701e-13   5.46776e-15   1.6131e-24   2.77655e-24   1.16406e-25
0.6812412373755873   2.03548e-13   1.55652e-13   4.94229e-15   1.43965e-24   2.49981e-24   1.04043e-25
0.6901960800285137   1.81034e-13   1.39002e-13   4.46282e-15   1.28093e-24   2.24197e-24   9.28491e-26
0.6989700043360189   1.60605e-13   1.23883e-13   4.02645e-15   1.13704e-24   2.00774e-24   8.27324e-26
0.7075701760979364   1.4214e-13   1.10211e-13   3.63102e-15   1.0071e-24   1.79582e-24   7.36451e-26
0.7160033436347992   1.25495e-13   9.77778e-14   3.27333e-15   8.89739e-25   1.6019e-24   6.55012e-26
0.724275869600789   1.10552e-13   8.65681e-14   2.95022e-15   7.84338e-25   1.42649e-24   5.82136e-26
0.7323937598229685   9.71741e-14   7.64551e-14   2.65877e-15   6.89822e-25   1.26714e-24   5.17048e-26
0.7403626894942439   8.52411e-14   6.73839e-14   2.39618e-15   6.05435e-25   1.12371e-24   4.58935e-26
0.7481880270062005   7.46256e-14   5.92839e-14   2.15998e-15   5.3035e-25   9.94889e-25   4.07238e-26
0.7558748556724915   6.51896e-14   5.20261e-14   1.94762e-15   4.63539e-25   8.78731e-25   3.6131e-26
0.7634279935629373   5.68113e-14   4.56054e-14   1.75661e-15   4.04476e-25   7.75564e-25   3.20579e-26
0.7708520116421442   4.93397e-14   3.98464e-14   1.58459e-15   3.52003e-25   6.82155e-25   2.84384e-26
0.7781512503836436   4.27546e-14   3.47789e-14   1.42957e-15   3.05866e-25   5.99506e-25   2.5224e-26
0.785329835010767   3.695e-14   3.02999e-14   1.28973e-15   2.65246e-25   5.2623e-25   2.23669e-26
0.7923916894982539   3.18676e-14   2.63887e-14   1.16351e-15   2.29736e-25   4.62009e-25   1.9828e-26
0.7993405494535818   2.74252e-14   2.29034e-14   1.0495e-15   1.98474e-25   4.04119e-25   1.75711e-26
0.8061799739838872   2.35578e-14   1.98848e-14   9.46453e-16   1.7131e-25   3.53859e-25   1.5565e-26
0.8129133566428556   2.02e-14   1.7236e-14   8.53255e-16   1.47616e-25   3.09266e-25   1.37818e-26
0.8195439355418687   1.72884e-14   1.49086e-14   7.68922e-16   1.26951e-25   2.69695e-25   1.21967e-26
0.8260748027008264   1.47719e-14   1.28578e-14   6.92583e-16   1.08941e-25   2.34497e-25   1.07874e-26
0.8325089127062364   1.26054e-14   1.11117e-14   6.23464e-16   9.34986e-26   2.0458e-25   9.53536e-27
0.8388490907372553   1.07405e-14   9.58671e-15   5.60867e-16   8.012e-26   1.78186e-25   8.42305e-27
0.8450980400142568   9.1385e-15   8.26193e-15   5.04166e-16   6.85712e-26   1.55118e-25   7.43546e-27
0.8512583487190754   7.76392e-15   7.10295e-15   4.52801e-16   5.85719e-26   1.34599e-25   6.55856e-27
0.8573324964312685   6.58735e-15   6.09895e-15   4.06274e-16   4.99695e-26   1.16729e-25   5.78052e-27
0.8633228601204559   5.58134e-15   5.2252e-15   3.64131e-16   4.25543e-26   1.00961e-25   5.09019e-27
0.8692317197309762   4.72251e-15   4.46171e-15   3.2598e-16   3.61556e-26   8.69631e-26   4.47795e-27
0.8750612633917001   3.99191e-15   3.81013e-15   2.91458e-16   3.0703e-26   7.49432e-26   3.93524e-27
0.8808135922807914   3.37137e-15   3.25911e-15   2.60239e-16   2.60805e-26   6.4777e-26   3.45465e-27
0.8864907251724818   2.8443e-15   2.78565e-15   2.32025e-16   2.21336e-26   5.59435e-26   3.0293e-27
0.8920946026904805   2.39699e-15   2.37745e-15   2.06549e-16   1.87599e-26   4.82279e-26   2.6532e-27
0.8976270912904415   2.01775e-15   2.024e-15   1.83569e-16   1.58718e-26   4.14467e-26   2.32093e-27
0.9030899869919435   1.69698e-15   1.72366e-15   1.62862e-16   1.34251e-26   3.56711e-26   2.02768e-27
0.9084850188786499   1.42565e-15   1.46374e-15   1.44224e-16   1.13331e-26   3.05814e-26   1.76908e-27
0.9138138523837167   1.19667e-15   1.24302e-15   1.27468e-16   9.56376e-27   2.62474e-26   1.54125e-27
0.919078092376074   1.00348e-15   1.05312e-15   1.12422e-16   8.05633e-27   2.24345e-26   1.34069e-27
0.9242792860618817   8.40793e-16   8.91164e-16   9.89272e-17   6.7805e-27   1.9168e-26   1.16427e-27
0.9294189257142927   7.04072e-16   7.55085e-16   8.68321e-17   5.70869e-27   1.63928e-26   1.00922e-27
0.9344984512435678   5.89078e-16   6.39032e-16   7.59979e-17   4.80203e-27   1.40071e-26   8.73035e-28
0.9395192526186185   4.92412e-16   5.39438e-16   6.62956e-17   4.03259e-27   1.19313e-26   7.53434e-28
0.9444826721501687   4.11308e-16   4.55186e-16   5.75982e-17   3.38451e-27   1.01506e-26   6.48381e-28
0.9493900066449128   3.43206e-16   3.82276e-16   4.97795e-17   2.83254e-27   8.58374e-27   5.55964e-28
0.9542425094393249   2.86245e-16   3.21858e-16   4.27426e-17   2.37401e-27   7.27175e-27   4.74799e-28
0.9590413923210935   2.38547e-16   2.70695e-16   3.66312e-17   1.98799e-27   6.15385e-27   4.04908e-28
0.9637878273455553   1.98614e-16   2.2687e-16   3.13335e-17   1.66114e-27   5.19016e-27   3.44783e-28
0.9684829485539351   1.653e-16   1.90512e-16   2.67452e-17   1.38916e-27   4.38563e-27   2.9311e-28
0.9731278535996987   1.3747e-16   1.5974e-16   2.27758e-17   1.1604e-27   3.69848e-27   2.48743e-28
0.9777236052888477   1.14236e-16   1.33721e-16   1.93448e-17   9.68151e-28   3.11226e-27   2.10674e-28
0.9822712330395684   9.485e-17   1.11741e-16   1.63802e-17   8.06693e-28   2.61263e-27   1.78014e-28
0.9867717342662449   7.8678e-17   9.30791e-17   1.38189e-17   6.70705e-28   2.18303e-27   1.50002e-28
0.9912260756924949   6.51974e-17   7.72464e-17   1.16043e-17   5.56244e-28   1.81423e-27   1.25953e-28
0.9956351945975499   5.39736e-17   6.37993e-17   9.68611e-18   4.59862e-28   1.49704e-27   1.05274e-28
1.0   4.46602e-17   5.27358e-17   8.01805e-18   3.80215e-28   1.23475e-27   8.74481e-29
1.0043213737826426   3.69176e-17   4.34737e-17   6.56032e-18   3.1375e-28   1.01381e-27   7.20166e-29
1.0086001717619175   3.04749e-17   3.5609e-17   5.27989e-18   2.57803e-28   8.23443e-28   5.86015e-29
1.0128372247051722   2.51169e-17   2.8961e-17   4.15039e-18   2.10825e-28   6.59933e-28   4.68972e-29
1.0170333392987803   2.06556e-17   2.33256e-17   3.15423e-18   1.71312e-28   5.19247e-28   3.6676e-29
1.021189299069938   1.69258e-17   1.85255e-17   2.2855e-18   1.3798e-28   3.98039e-28   2.77822e-29
1.0253058652647702   1.37682e-17   1.44554e-17   1.55028e-18   1.09909e-28   2.95361e-28   2.02056e-29
1.0293837776852097   1.09801e-17   1.09183e-17   9.6245e-19   8.57458e-29   2.07961e-28   1.39808e-29
1.0334237554869496   8.23361e-18   7.79256e-18   5.30744e-19   6.40948e-29   1.35537e-28   9.23356e-30
1.0374264979406236   4.881e-18   4.78289e-18   2.40504e-19   4.15757e-29   7.63692e-29   6.22191e-30
1.0413926851582251   0   0   0   0   0   0
