z gamma1 err1 gamma2 err2 phi_s err3 L_s err4 dtg err5 nfree redchi
0.2 0.797508445744 0.0453735352764 1.82753694807 0.0886721390921 -4.39495522807 0.252939029927 11.4524109183 0.199476630123 0.78 0 149 3.66231984477
0.4 0.509681589784 0.0523503747494 1.95804067571 0.0648801596994 -3.84548702413 0.13319273848 11.3394730402 0.107587249807 0.130188679142 0.0380796608506 173 4.83087087933
0.6 2.06591541769 0.0587558630943 0.561344177811 0.0329499999698 -4.17585182102 0.0846832436573 11.8537234345 0.0659746001502 0.245312933412 0.0360074106692 191 3.13742922924
0.8 0.587165020633 0.0321700733807 2.13139802734 0.0611923876948 -4.36549083763 0.0783739576311 12.1426489947 0.0598563401155 0.171194757465 0.0299692328733 210 4.16092087765
1.0 0.517240732731 0.0334356628794 2.21332496476 0.0617239668023 -4.3013667348 0.066288635074 12.2987976495 0.0492198337195 0.162532412343 0.0261974410649 200 3.84944560971
1.2 0.509305200817 0.0315166740252 2.42411525403 0.0612046880823 -4.5330395084 0.0548024414004 12.605323 0.0369098893832 0.167046181263 0.0242285383173 197 3.18067122
1.4 0.443541668292 0.0350875162015 2.44735449253 0.0687786237021 -4.48040071997 0.0546810704267 12.6845331405 0.0372366576801 0.111144598991 0.0191980805995 198 3.69322435197
1.6 0.451033615341 0.0329808151769 2.42684554771 0.0650508502061 -4.6269249312 0.0530477347438 12.8430209682 0.0360005687395 0.0970766084985 0.017611436932 209 3.39560140961
1.8 0.410631403451 0.0323858143268 2.35479518697 0.0588208807299 -4.59934428592 0.0499853584177 12.8467855431 0.0339342256048 0.0515197404409 0.0103493861951 205 2.83042191804
2.0 0.43430599783 0.0304031572378 2.44113961309 0.0600102478462 -4.70106465341 0.0490362113725 12.9652853566 0.0331377801526 0.0624160868862 0.0126262190669 191 2.94442011951
2.2 0.304555217649 0.0539739740642 2.36353586445 0.0649361212962 -4.52954327531 0.0635627341229 12.8940015626 0.0423460150735 0.0757094703244 0.0175033698788 167 3.72920605967
2.4 0.383955355433 0.0480431249347 2.36174652272 0.0661823658353 -4.6756376436 0.0620161049521 12.9842369624 0.0415465417201 0.118234301807 0.0233921002976 203 3.60776387435
2.6 0.426487274696 0.0498536328389 2.2396869228 0.0635091237819 -4.68954789339 0.0681243736906 12.9474543003 0.0503045910488 0.136386880042 0.0228592146019 197 2.30379911491
2.8 0.464234145255 0.0585437722657 2.08776306508 0.0801679511789 -4.77863744284 0.0982089983208 12.9465465606 0.0809164490311 0.195224785467 0.0362142010488 175 2.71303321298
3.0 0.404434044715 0.0631173243485 1.94602695174 0.062042283101 -4.74665527507 0.0956928591972 12.821091656 0.082043072037 0.192395802361 0.0346204634317 191 2.56299383114
3.2 0.244828655132 0.0955859193751 1.85089557276 0.0562141198151 -4.66140191983 0.104149916169 12.647958531 0.0890841109814 0.143998879659 0.0281102611712 175 2.57402974083
3.4 0.101110332065 0.129220266984 1.74164136141 0.0522770977658 -4.59457162455 0.110884727145 12.4809435452 0.100429158481 0.156367753583 0.0325408158519 168 2.7124609215
3.6 0.30950820479 0.141171992511 1.99344364614 0.0791177381542 -4.8938623568 0.13272716095 12.726358796 0.101704584655 0.138534953442 0.029246450432 120 2.46614371234
3.8 0.312144934801 0.148463482431 1.98728950474 0.0824321765696 -4.98559354494 0.139365169503 12.7288048925 0.107516040715 0.181012632816 0.0352460491639 120 2.69359150592
4.0 0.367606336916 0.156109156104 2.08326782247 0.0934695029927 -5.1378062971 0.15491282668 12.7823970987 0.113977344334 0.229937125886 0.0473324311211 126 3.4023374818
4.2 0.394532792637 0.17252398209 2.08722312717 0.113761879895 -5.25419820469 0.185913266623 12.8050452779 0.139237799899 0.293172274218 0.0583307006532 112 3.73252821999
4.4 0.118711254462 0.393655181002 1.85415620805 0.116174448391 -4.89787944396 0.273637973415 12.4143340008 0.226349069135 0.299251649273 0.0886618119742 93 4.11418265681
4.6 0.15253874918 0.416633506306 1.85727604608 0.137311606272 -4.98656400694 0.310211292648 12.408981728 0.258622549652 0.315654460382 0.102901365336 92 4.49170563935
4.8 0.500928763955 0.365964513267 2.04270749073 0.138566092848 -5.19963946992 0.430586160228 12.6014750739 0.29440638254 0.427145107435 0.129148860584 94 3.65840560743
5.0 0.962872387832 0.220174334141 2.28880640264 0.227775717918 -6.25597989645 0.601698527041 13.1287874478 0.35610339745 0.308074070744 0.10266377131 83 3.19244835146
5.2 1.53291417338 0.373771093067 2.65444310158 0.958855726621 -7.70160259535 2.15134929897 13.7197967374 1.05895513812 0.135098596106 0.191075301951 35 4.32105508775
5.4 1.63019169429 0.216554606758 2.864077069 1.52535084184 -8.76838405255 1.58327569729 14.2039916094 0.737813814431 0.158054121297 0.112943421932 17 1.35005162365
5.6 1.09561995201 3310.83432824 1.09560128698 3310.90212474 -5.42858813935 18097264.7371 12.3403628447 16517515.2565 0.0126093359178 0.0262451046777 4 0.354390843271
5.8 1.52340347868 0.123175258998 3.43428312257 3.72709024569 -9.38664069994 0.726553230922 14.5178949567 0.443838804614 0.194428222762 0.120019151053 33 1.27655898419
6.0 1.54756943016 3934.34034984 1.54819650096 3934.20046088 -8.13159177951 3128457.69143 13.7757366296 2021095.14034 0.128510339846 0.0932305139409 34 1.01740546822
6.2 1.55219165059 3623.27443249 1.55218836046 3623.40774708 -8.17580220421 2755602.79342 13.759685416 1775278.29136 0.108979747924 0.0852570067883 34 0.973634644934
6.4 1.47363184443 0.122182615399 3.32297247836 2.16330368198 -9.20774301219 0.451014868577 14.2393008188 0.231315177781 0.055285515951 0.0617073595014 30 0.905028380836
6.6 1.12649267509 0.798185957281 2.29716746458 0.849475111109 -7.59319363746 2.21279838602 13.5937765457 1.10885016102 0.541912209683 1.23131193951 8 0.253422864424
6.8 -63.9515172427 38314318.4621 1.6560788004 0.0717730536008 -5.33545293647 8673.65902389 11.8086909492 5237.60494736 0.0793572898933 0.128083084228 3 0.0273918236696
7.0 -72.6619326852 505399788.998 1.61008556986 0.0550726682215 -5.41601848226 36351.6532903 11.8033579249 22577.4396353 0.0195428159137 0.026757799443 3 0.0268001697313
