z_min   z_max    loglx       loglx_lo     loglx_hi           lf        lf_lo        lf_hi
0.0     0.2     41.3125      41.1250      41.5000  0.000450627  0.000208105  0.000346057
0.0     0.2     41.6875      41.5000      41.8750  0.000328493  0.000143418  0.000231229
0.0     0.2     42.0625      41.8750      42.2500  0.000124835  6.61287e-05  0.000119854
0.0     0.2     42.4375      42.2500      42.6250  1.96886e-05  1.58351e-05  4.39172e-05
0.0     0.2     42.8125      42.6250      43.0000  4.71535e-05  1.62740e-05  2.35470e-05
0.0     0.2     43.1875      43.0000      43.3750  3.06709e-05  7.57935e-06  9.82064e-06
0.0     0.2     43.5625      43.3750      43.7500  4.48607e-06  1.54967e-06  2.24303e-06
0.0     0.2     43.9375      43.7500      44.1250  1.78619e-06  7.06965e-07  1.08534e-06
0.0     0.2     44.3125      44.1250      44.5000  2.51269e-07  2.08184e-07  6.06617e-07
0.0     0.2     44.6875      44.5000      44.8750      0.00000      0.00000      0.00000
0.0     0.2     45.0625      44.8750      45.2500      0.00000      0.00000      0.00000
0.0     0.2     45.4375      45.2500      45.6250      0.00000      0.00000      0.00000
0.0     0.2     45.8125      45.6250      46.0000      0.00000      0.00000      0.00000
0.2     0.5     41.3125      41.1250      41.5000  0.000363106  0.000185437  0.000327929
0.2     0.5     41.6875      41.5000      41.8750  0.000283395  9.41723e-05  0.000134264
0.2     0.5     42.0625      41.8750      42.2500  0.000198504  5.19709e-05  6.84409e-05
0.2     0.5     42.4375      42.2500      42.6250  0.000182369  4.03432e-05  5.08115e-05
0.2     0.5     42.8125      42.6250      43.0000  6.26512e-05  2.11316e-05  3.03009e-05
0.2     0.5     43.1875      43.0000      43.3750  4.15815e-05  1.64904e-05  2.53398e-05
0.2     0.5     43.5625      43.3750      43.7500  2.57654e-05  8.42917e-06  1.19471e-05
0.2     0.5     43.9375      43.7500      44.1250  7.06316e-06  1.93121e-06  2.57624e-06
0.2     0.5     44.3125      44.1250      44.5000  1.89467e-06  4.19752e-07  5.28857e-07
0.2     0.5     44.6875      44.5000      44.8750  1.46782e-07  6.32455e-08  1.01264e-07
0.2     0.5     45.0625      44.8750      45.2500  7.40153e-08  4.01573e-08  7.40153e-08
0.2     0.5     45.4375      45.2500      45.6250      0.00000      0.00000      0.00000
0.2     0.5     45.8125      45.6250      46.0000      0.00000      0.00000      0.00000
0.5     0.8     41.3125      41.1250      41.5000   0.00170302   0.00135190   0.00367409
0.5     0.8     41.6875      41.5000      41.8750   0.00110826  0.000374697  0.000537780
0.5     0.8     42.0625      41.8750      42.2500  0.000360840  9.59592e-05  0.000126948
0.5     0.8     42.4375      42.2500      42.6250  0.000248319  4.70583e-05  5.72705e-05
0.5     0.8     42.8125      42.6250      43.0000  0.000166357  2.70288e-05  3.19575e-05
0.5     0.8     43.1875      43.0000      43.3750  9.83595e-05  1.84131e-05  2.23535e-05
0.5     0.8     43.5625      43.3750      43.7500  4.37590e-05  1.15579e-05  1.52598e-05
0.5     0.8     43.9375      43.7500      44.1250  6.70038e-06  4.15672e-06  8.52153e-06
0.5     0.8     44.3125      44.1250      44.5000  6.13202e-06  2.64217e-06  4.23047e-06
0.5     0.8     44.6875      44.5000      44.8750  1.21122e-06  3.59088e-07  4.91548e-07
0.5     0.8     45.0625      44.8750      45.2500  8.06785e-08  3.85046e-08  6.52703e-08
0.5     0.8     45.4375      45.2500      45.6250      0.00000      0.00000      0.00000
0.5     0.8     45.8125      45.6250      46.0000      0.00000      0.00000      0.00000
0.8     1.0     41.3125      41.1250      41.5000      0.00000      0.00000      0.00000
0.8     1.0     41.6875      41.5000      41.8750      0.00000      0.00000      0.00000
0.8     1.0     42.0625      41.8750      42.2500  0.000825243  0.000297878  0.000438975
0.8     1.0     42.4375      42.2500      42.6250  0.000276208  8.08532e-05  0.000110213
0.8     1.0     42.8125      42.6250      43.0000  0.000212654  4.10210e-05  5.01056e-05
0.8     1.0     43.1875      43.0000      43.3750  0.000132103  2.38949e-05  2.88125e-05
0.8     1.0     43.5625      43.3750      43.7500  7.59937e-05  1.59606e-05  1.98591e-05
0.8     1.0     43.9375      43.7500      44.1250  2.66568e-05  9.13445e-06  1.31793e-05
0.8     1.0     44.3125      44.1250      44.5000  1.73421e-05  7.31657e-06  1.15883e-05
0.8     1.0     44.6875      44.5000      44.8750  4.42046e-06  2.10971e-06  3.57623e-06
0.8     1.0     45.0625      44.8750      45.2500  3.16769e-07  1.51181e-07  2.56272e-07
0.8     1.0     45.4375      45.2500      45.6250  1.96353e-08  1.62684e-08  4.74037e-08
0.8     1.0     45.8125      45.6250      46.0000      0.00000      0.00000      0.00000
1.0     1.2     41.3125      41.1250      41.5000      0.00000      0.00000      0.00000
1.0     1.2     41.6875      41.5000      41.8750      0.00000      0.00000      0.00000
1.0     1.2     42.0625      41.8750      42.2500  0.000348160  0.000286076  0.000821730
1.0     1.2     42.4375      42.2500      42.6250  0.000302185  0.000113521  0.000170191
1.0     1.2     42.8125      42.6250      43.0000  0.000163681  4.30037e-05  5.66896e-05
1.0     1.2     43.1875      43.0000      43.3750  0.000132290  2.52129e-05  3.07200e-05
1.0     1.2     43.5625      43.3750      43.7500  6.93155e-05  1.44899e-05  1.80100e-05
1.0     1.2     43.9375      43.7500      44.1250  4.84208e-05  1.14723e-05  1.46994e-05
1.0     1.2     44.3125      44.1250      44.5000  1.97529e-05  7.20121e-06  1.06569e-05
1.0     1.2     44.6875      44.5000      44.8750      0.00000      0.00000      0.00000
1.0     1.2     45.0625      44.8750      45.2500  6.60532e-07  4.25375e-07  9.02304e-07
1.0     1.2     45.4375      45.2500      45.6250  7.13339e-08  3.87025e-08  7.13339e-08
1.0     1.2     45.8125      45.6250      46.0000      0.00000      0.00000      0.00000
1.2     1.5     41.3125      41.1250      41.5000      0.00000      0.00000      0.00000
1.2     1.5     41.6875      41.5000      41.8750      0.00000      0.00000      0.00000
1.2     1.5     42.0625      41.8750      42.2500      0.00000      0.00000      0.00000
1.2     1.5     42.4375      42.2500      42.6250  0.000180449  0.000105646  0.000206271
1.2     1.5     42.8125      42.6250      43.0000  6.94067e-05  2.93020e-05  4.64256e-05
1.2     1.5     43.1875      43.0000      43.3750  6.34747e-05  1.65688e-05  2.18008e-05
1.2     1.5     43.5625      43.3750      43.7500  5.36599e-05  1.06302e-05  1.30574e-05
1.2     1.5     43.9375      43.7500      44.1250  2.86340e-05  6.86478e-06  8.82293e-06
1.2     1.5     44.3125      44.1250      44.5000  1.73276e-05  5.19454e-06  7.13732e-06
1.2     1.5     44.6875      44.5000      44.8750  1.53260e-06  1.26343e-06  3.64940e-06
1.2     1.5     45.0625      44.8750      45.2500  1.26505e-06  8.14678e-07  1.72809e-06
1.2     1.5     45.4375      45.2500      45.6250      0.00000      0.00000      0.00000
1.2     1.5     45.8125      45.6250      46.0000  9.58243e-09  7.93936e-09  2.31340e-08
1.5     2.0     41.3125      41.1250      41.5000      0.00000      0.00000      0.00000
1.5     2.0     41.6875      41.5000      41.8750      0.00000      0.00000      0.00000
1.5     2.0     42.0625      41.8750      42.2500      0.00000      0.00000      0.00000
1.5     2.0     42.4375      42.2500      42.6250      0.00000      0.00000      0.00000
1.5     2.0     42.8125      42.6250      43.0000  4.48239e-05  2.78185e-05  5.70497e-05
1.5     2.0     43.1875      43.0000      43.3750  3.08453e-05  1.20304e-05  1.83434e-05
1.5     2.0     43.5625      43.3750      43.7500  2.96982e-05  7.16898e-06  9.23062e-06
1.5     2.0     43.9375      43.7500      44.1250  2.67155e-05  5.21626e-06  6.38761e-06
1.5     2.0     44.3125      44.1250      44.5000  1.19316e-05  3.21460e-06  4.26923e-06
1.5     2.0     44.6875      44.5000      44.8750  4.07565e-06  1.75112e-06  2.79961e-06
1.5     2.0     45.0625      44.8750      45.2500  9.38659e-07  6.98552e-07  1.73555e-06
1.5     2.0     45.4375      45.2500      45.6250  4.52186e-07  2.59893e-07  5.00077e-07
1.5     2.0     45.8125      45.6250      46.0000  1.13995e-08  9.44483e-09  2.75208e-08
2.0     2.5     41.3125      41.1250      41.5000      0.00000      0.00000      0.00000
2.0     2.5     41.6875      41.5000      41.8750      0.00000      0.00000      0.00000
2.0     2.5     42.0625      41.8750      42.2500      0.00000      0.00000      0.00000
2.0     2.5     42.4375      42.2500      42.6250      0.00000      0.00000      0.00000
2.0     2.5     42.8125      42.6250      43.0000  6.41569e-05  4.06788e-05  8.50483e-05
2.0     2.5     43.1875      43.0000      43.3750  3.63649e-05  1.25321e-05  1.81222e-05
2.0     2.5     43.5625      43.3750      43.7500  1.79293e-05  5.33435e-06  7.31074e-06
2.0     2.5     43.9375      43.7500      44.1250  1.28719e-05  3.89764e-06  5.37364e-06
2.0     2.5     44.3125      44.1250      44.5000  6.39078e-06  2.38806e-06  3.57183e-06
2.0     2.5     44.6875      44.5000      44.8750  5.69329e-06  1.65616e-06  2.25292e-06
2.0     2.5     45.0625      44.8750      45.2500      0.00000      0.00000      0.00000
2.0     2.5     45.4375      45.2500      45.6250      0.00000      0.00000      0.00000
2.0     2.5     45.8125      45.6250      46.0000      0.00000      0.00000      0.00000
2.5     3.5     41.3125      41.1250      41.5000      0.00000      0.00000      0.00000
2.5     3.5     41.6875      41.5000      41.8750      0.00000      0.00000      0.00000
2.5     3.5     42.0625      41.8750      42.2500      0.00000      0.00000      0.00000
2.5     3.5     42.4375      42.2500      42.6250      0.00000      0.00000      0.00000
2.5     3.5     42.8125      42.6250      43.0000  0.000173090  7.81118e-05  0.000128217
2.5     3.5     43.1875      43.0000      43.3750  6.31526e-05  1.94726e-05  2.70153e-05
2.5     3.5     43.5625      43.3750      43.7500  2.41756e-05  5.17967e-06  6.47448e-06
2.5     3.5     43.9375      43.7500      44.1250  1.80302e-05  3.24222e-06  3.90504e-06
2.5     3.5     44.3125      44.1250      44.5000  7.27135e-06  1.85414e-06  2.42338e-06
2.5     3.5     44.6875      44.5000      44.8750  5.57555e-06  1.33784e-06  1.71984e-06
2.5     3.5     45.0625      44.8750      45.2500  6.12555e-07  3.16868e-07  5.65123e-07
2.5     3.5     45.4375      45.2500      45.6250      0.00000      0.00000      0.00000
2.5     3.5     45.8125      45.6250      46.0000      0.00000      0.00000      0.00000
