z_min z_max loglx_lo loglx_hi  LFsoft  LFsoft_lo   LFsoft_hi   Nsoft   LFhard     LFhard_lo    LFhard_hi   Nhard
 0.01 0.20 38.25 38.50   4.429E-02   9.608E-03   1.367E-01    1.19   2.984E-02  -9.700E-01   1.433E+00    0.04
 0.01 0.20 38.50 38.75   2.830E-02   9.790E-03   6.813E-02    1.92   1.857E-02  -3.483E-02   4.145E-01    0.10
 0.01 0.20 38.75 39.00   2.191E-02   1.092E-02   4.113E-02    3.58   1.639E-02  -5.610E-04   1.924E-01    0.19
 0.01 0.20 39.00 39.25   1.756E-02   1.052E-02   2.844E-02    5.83   9.114E-03   4.532E-06   6.892E-02    0.33
 0.01 0.20 39.25 39.50   1.225E-02   8.538E-03   1.736E-02   10.52   7.581E-03   3.885E-04   3.703E-02    0.58
 0.01 0.20 39.50 39.75   1.088E-02   8.146E-03   1.444E-02   15.45   8.664E-03   2.473E-03   2.330E-02    1.53
 0.01 0.20 39.75 40.00   6.732E-03   5.283E-03   8.544E-03   21.22   3.866E-03   1.334E-03   9.322E-03    1.92
 0.01 0.20 40.00 40.25   3.672E-03   2.875E-03   4.671E-03   20.85   3.827E-03   2.035E-03   6.830E-03    4.17
 0.01 0.20 40.25 40.50   2.343E-03   1.849E-03   2.958E-03   22.11   2.578E-03   1.414E-03   4.488E-03    4.52
 0.01 0.20 40.50 40.75   1.281E-03   1.006E-03   1.625E-03   21.31   9.684E-04   5.024E-04   1.762E-03    3.93
 0.01 0.20 40.75 41.00   8.394E-04   6.438E-04   1.089E-03   18.05   6.468E-04   3.655E-04   1.099E-03    4.90
 0.01 0.20 41.00 41.25   4.254E-04   3.092E-04   5.805E-04   13.01   5.046E-04   3.216E-04   7.748E-04    7.22
 0.01 0.20 41.25 41.50   1.918E-04   1.180E-04   3.035E-04    6.38   3.909E-04   2.554E-04   5.875E-04    7.93
 0.01 0.20 41.50 41.75   1.087E-04   5.888E-05   1.913E-04    4.37   3.264E-04   2.142E-04   4.885E-04    8.08
 0.01 0.20 41.75 42.00   7.359E-05   3.984E-05   1.295E-04    4.37   1.122E-04   6.216E-05   1.937E-04    4.64
 0.01 0.20 42.00 42.25   4.209E-05   2.270E-05   7.428E-05    4.32   9.891E-05   5.481E-05   1.708E-04    4.64
 0.01 0.20 42.25 42.50   3.378E-05   1.987E-05   5.556E-05    5.51   3.644E-05   1.616E-05   7.452E-05    2.83
 0.01 0.20 42.50 42.75   3.102E-05   2.150E-05   4.420E-05   10.24   6.173E-05   4.015E-05   9.314E-05    7.80
 0.01 0.20 42.75 43.00   1.606E-05   1.067E-05   2.376E-05    8.52   4.406E-05   3.068E-05   6.252E-05   10.47
 0.01 0.20 43.00 43.25   1.650E-05   1.267E-05   2.139E-05   18.17   4.665E-05   3.535E-05   6.121E-05   16.67
 0.01 0.20 43.25 43.50   1.118E-05   8.952E-06   1.393E-05   24.74   1.368E-05   9.534E-06   1.940E-05   10.51
 0.01 0.20 43.50 43.75   5.147E-06   4.186E-06   6.312E-06   28.35   3.899E-06   2.281E-06   6.440E-06    5.42
 0.01 0.20 43.75 44.00   2.358E-06   1.912E-06   2.901E-06   27.56   3.675E-06   1.876E-06   6.770E-06    3.78
 0.01 0.20 44.00 44.25   8.493E-07   6.888E-07   1.044E-06   27.64   1.840E-06   7.104E-07   4.136E-06    2.25
 0.01 0.20 44.25 44.50   3.116E-07   2.426E-07   3.984E-07   20.04   0.000E+00        -NaN        -NaN    0.00
 0.01 0.20 44.50 44.75   6.754E-08   4.720E-08   9.553E-08   10.65   0.000E+00        -NaN        -NaN    0.00
 0.01 0.20 44.75 45.00   8.694E-09   3.250E-09   1.995E-08    2.14   0.000E+00        -NaN        -NaN    0.00
 0.20 0.40 39.50 39.75   1.886E-02   7.468E-03   4.170E-02    2.34   0.000E+00        -NaN        -NaN    0.00
 0.20 0.40 39.75 40.00   8.237E-03   4.825E-03   1.359E-02    5.45   0.000E+00        -NaN        -NaN    0.00
 0.20 0.40 40.00 40.25   4.357E-03   2.964E-03   6.316E-03    9.40   0.000E+00        -NaN        -NaN    0.00
 0.20 0.40 40.25 40.50   2.356E-03   1.710E-03   3.219E-03   12.92   1.676E-04  -7.415E-03   8.845E-03    0.04
 0.20 0.40 40.50 40.75   1.311E-03   1.013E-03   1.689E-03   19.01   1.049E-03   9.271E-05   4.481E-03    0.70
 0.20 0.40 40.75 41.00   7.761E-04   6.206E-04   9.676E-04   24.54   1.154E-03   6.113E-04   2.067E-03    4.13
 0.20 0.40 41.00 41.25   5.572E-04   4.587E-04   6.753E-04   31.66   8.129E-04   5.006E-04   1.286E-03    6.39
 0.20 0.40 41.25 41.50   4.069E-04   3.352E-04   4.930E-04   31.81   4.690E-04   3.113E-04   6.948E-04    8.47
 0.20 0.40 41.50 41.75   2.172E-04   1.736E-04   2.709E-04   24.46   3.454E-04   2.534E-04   4.671E-04   13.73
 0.20 0.40 41.75 42.00   1.204E-04   9.022E-05   1.597E-04   15.54   3.118E-04   2.449E-04   3.954E-04   21.35
 0.20 0.40 42.00 42.25   7.875E-05   5.707E-05   1.077E-04   12.81   2.233E-04   1.769E-04   2.808E-04   22.84
 0.20 0.40 42.25 42.50   5.404E-05   3.883E-05   7.451E-05   12.25   1.258E-04   9.529E-05   1.651E-04   16.65
 0.20 0.40 42.50 42.75   4.503E-05   3.384E-05   5.954E-05   15.82   5.746E-05   3.913E-05   8.320E-05    9.45
 0.20 0.40 42.75 43.00   4.020E-05   3.140E-05   5.126E-05   20.50   5.177E-05   3.699E-05   7.173E-05   11.90
 0.20 0.40 43.00 43.25   3.159E-05   2.460E-05   4.038E-05   20.10   4.400E-05   3.296E-05   5.837E-05   15.50
 0.20 0.40 43.25 43.50   1.742E-05   1.273E-05   2.364E-05   13.41   2.531E-05   1.887E-05   3.371E-05   15.09
 0.20 0.40 43.50 43.75   7.894E-06   4.868E-06   1.247E-05    6.42   1.535E-05   1.142E-05   2.049E-05   14.89
 0.20 0.40 43.75 44.00   1.542E-06   4.468E-07   4.112E-06    1.56   7.151E-06   5.246E-06   9.672E-06   13.72
 0.20 0.40 44.00 44.25   3.665E-06   1.477E-06   8.006E-06    2.40   2.229E-06   1.512E-06   3.239E-06    9.28
 0.20 0.40 44.25 44.50   1.896E-06   1.152E-06   3.033E-06    6.11   1.039E-06   6.356E-07   1.653E-06    6.25
 0.20 0.40 44.50 44.75   3.484E-07   2.202E-07   5.389E-07    7.00   4.860E-07   2.256E-07   9.616E-07    3.09
 0.20 0.40 44.75 45.00   6.411E-08   3.968E-08   1.010E-07    6.51   3.339E-07   1.173E-07   7.963E-07    1.97
 0.20 0.40 45.00 45.25   5.755E-09   2.301E-09   1.264E-08    2.37   0.000E+00        -NaN        -NaN    0.00
 0.40 0.60 40.25 40.50   2.189E-03   9.089E-04   4.686E-03    2.52   0.000E+00        -NaN        -NaN    0.00
 0.40 0.60 40.50 40.75   2.155E-03   1.465E-03   3.125E-03    9.38   0.000E+00        -NaN        -NaN    0.00
 0.40 0.60 40.75 41.00   1.359E-03   1.042E-03   1.763E-03   18.02   4.576E-04  -3.612E-04   8.502E-03    0.12
 0.40 0.60 41.00 41.25   9.807E-04   7.977E-04   1.203E-03   28.34   5.079E-04   7.510E-05   1.836E-03    0.91
 0.40 0.60 41.25 41.50   5.898E-04   4.904E-04   7.081E-04   34.83   7.682E-04   4.402E-04   1.291E-03    5.10
 0.40 0.60 41.50 41.75   2.840E-04   2.346E-04   3.431E-04   32.72   5.624E-04   3.897E-04   8.016E-04   10.23
 0.40 0.60 41.75 42.00   1.968E-04   1.632E-04   2.370E-04   33.81   3.358E-04   2.498E-04   4.484E-04   14.85
 0.40 0.60 42.00 42.25   1.345E-04   1.109E-04   1.629E-04   32.00   3.226E-04   2.583E-04   4.016E-04   24.84
 0.40 0.60 42.25 42.50   7.358E-05   5.826E-05   9.261E-05   22.69   2.473E-04   2.069E-04   2.950E-04   37.14
 0.40 0.60 42.50 42.75   6.630E-05   5.141E-05   8.512E-05   19.46   1.352E-04   1.118E-04   1.631E-04   33.19
 0.40 0.60 42.75 43.00   5.554E-05   4.386E-05   7.008E-05   22.23   8.859E-05   7.143E-05   1.096E-04   26.27
 0.40 0.60 43.00 43.25   4.283E-05   3.545E-05   5.165E-05   33.30   7.042E-05   5.521E-05   8.947E-05   21.06
 0.40 0.60 43.25 43.50   2.789E-05   2.292E-05   3.387E-05   31.13   3.486E-05   2.650E-05   4.560E-05   17.01
 0.40 0.60 43.50 43.75   1.401E-05   1.094E-05   1.787E-05   20.45   1.970E-05   1.493E-05   2.585E-05   16.66
 0.40 0.60 43.75 44.00   5.894E-06   3.971E-06   8.617E-06    9.02   1.417E-05   1.075E-05   1.857E-05   16.83
 0.40 0.60 44.00 44.25   1.109E-06   3.753E-07   2.707E-06    1.87   4.423E-06   2.847E-06   6.733E-06    7.50
 0.40 0.60 44.25 44.50   7.492E-07   1.414E-07   2.458E-06    1.07   2.134E-06   1.398E-06   3.201E-06    8.01
 0.40 0.60 44.50 44.75   3.051E-07   5.070E-12   2.468E-06    0.30   5.089E-07   2.817E-07   8.798E-07    4.63
 0.40 0.60 44.75 45.00   3.026E-07   2.263E-08   1.352E-06    0.66   8.530E-08   1.515E-08   2.871E-07    1.02
 0.40 0.60 45.00 45.25   6.168E-08   2.663E-08   1.285E-07    2.70   0.000E+00        -NaN        -NaN    0.00
 0.40 0.60 45.25 45.50   1.585E-08   6.461E-09   3.436E-08    2.45   0.000E+00        -NaN        -NaN    0.00
 0.60 0.80 40.50 40.75   3.549E-03   1.745E-03   6.728E-03    3.48   0.000E+00        -NaN        -NaN    0.00
 0.60 0.80 40.75 41.00   2.223E-03   1.453E-03   3.340E-03    7.95   8.051E-04  -4.267E-01   9.592E-02    0.02
 0.60 0.80 41.00 41.25   1.229E-03   9.263E-04   1.621E-03   16.11   2.876E-03   1.266E-05   1.942E-02    0.38
 0.60 0.80 41.25 41.50   7.671E-04   6.087E-04   9.634E-04   23.08   2.189E-03   9.778E-04   4.454E-03    2.87
 0.60 0.80 41.50 41.75   4.705E-04   3.888E-04   5.684E-04   32.75   1.240E-03   7.738E-04   1.939E-03    6.70
 0.60 0.80 41.75 42.00   3.056E-04   2.563E-04   3.639E-04   38.05   4.080E-04   2.720E-04   6.022E-04    8.62
 0.60 0.80 42.00 42.25   1.991E-04   1.704E-04   2.325E-04   47.51   4.751E-04   3.694E-04   6.084E-04   19.84
 0.60 0.80 42.25 42.50   1.414E-04   1.216E-04   1.643E-04   50.63   3.201E-04   2.640E-04   3.873E-04   32.21
 0.60 0.80 42.50 42.75   1.287E-04   1.112E-04   1.488E-04   53.78   2.175E-04   1.854E-04   2.548E-04   45.52
 0.60 0.80 42.75 43.00   8.320E-05   6.995E-05   9.881E-05   39.06   1.864E-04   1.631E-04   2.130E-04   63.40
 0.60 0.80 43.00 43.25   4.767E-05   3.861E-05   5.871E-05   27.28   1.297E-04   1.126E-04   1.493E-04   57.03
 0.60 0.80 43.25 43.50   3.316E-05   2.723E-05   4.030E-05   30.87   8.553E-05   7.145E-05   1.022E-04   36.53
 0.60 0.80 43.50 43.75   2.037E-05   1.709E-05   2.426E-05   38.03   3.620E-05   2.877E-05   4.538E-05   23.39
 0.60 0.80 43.75 44.00   1.154E-05   9.255E-06   1.436E-05   25.05   1.891E-05   1.452E-05   2.450E-05   18.17
 0.60 0.80 44.00 44.25   5.063E-06   3.614E-06   7.025E-06   11.83   6.705E-06   4.784E-06   9.305E-06   11.80
 0.60 0.80 44.25 44.50   2.185E-06   1.163E-06   3.899E-06    4.18   3.485E-06   2.386E-06   5.020E-06    9.69
 0.60 0.80 44.50 44.75   4.743E-07   1.194E-07   1.362E-06    1.35   1.747E-06   1.080E-06   2.756E-06    6.47
 0.60 0.80 44.75 45.00   4.996E-07   1.529E-07   1.293E-06    1.66   5.291E-07   3.398E-07   8.070E-07    7.43
 0.60 0.80 45.00 45.25   1.710E-07   8.295E-12   1.365E-06    0.31   8.115E-08   2.597E-08   2.047E-07    1.75
 0.60 0.80 45.25 45.50   8.707E-08   3.152E-08   2.038E-07    2.05   0.000E+00        -NaN        -NaN    0.00
 0.60 0.80 46.00 46.25   1.780E-10   3.183E-11   5.974E-10    1.03   0.000E+00        -NaN        -NaN    0.00
 0.80 1.00 40.75 41.00   1.385E-03   2.829E-04   4.389E-03    1.13   0.000E+00        -NaN        -NaN    0.00
 0.80 1.00 41.00 41.25   1.160E-03   7.045E-04   1.858E-03    6.09   0.000E+00        -NaN        -NaN    0.00
 0.80 1.00 41.25 41.50   9.496E-04   6.974E-04   1.283E-03   13.81   1.599E-04  -1.186E-02   9.928E-03    0.03
 0.80 1.00 41.50 41.75   5.204E-04   4.058E-04   6.646E-04   20.24   4.006E-04   1.833E-05   2.004E-03    0.56
 0.80 1.00 41.75 42.00   2.555E-04   2.015E-04   3.227E-04   22.03   3.640E-04   1.566E-04   7.604E-04    2.68
 0.80 1.00 42.00 42.25   1.488E-04   1.206E-04   1.831E-04   27.47   3.249E-04   2.164E-04   4.800E-04    8.58
 0.80 1.00 42.25 42.50   1.408E-04   1.195E-04   1.658E-04   43.19   2.566E-04   1.927E-04   3.397E-04   15.72
 0.80 1.00 42.50 42.75   1.327E-04   1.155E-04   1.524E-04   59.02   2.108E-04   1.707E-04   2.598E-04   27.18
 0.80 1.00 42.75 43.00   8.225E-05   7.096E-05   9.526E-05   52.67   1.541E-04   1.296E-04   1.828E-04   39.38
 0.80 1.00 43.00 43.25   6.124E-05   5.143E-05   7.281E-05   38.60   1.247E-04   1.080E-04   1.440E-04   54.92
 0.80 1.00 43.25 43.50   4.709E-05   3.948E-05   5.609E-05   37.87   7.186E-05   6.105E-05   8.448E-05   43.82
 0.80 1.00 43.50 43.75   2.650E-05   2.208E-05   3.174E-05   35.64   5.176E-05   4.301E-05   6.217E-05   34.66
 0.80 1.00 43.75 44.00   2.308E-05   1.971E-05   2.700E-05   46.57   3.678E-05   3.017E-05   4.474E-05   30.59
 0.80 1.00 44.00 44.25   1.126E-05   9.355E-06   1.354E-05   34.43   1.855E-05   1.503E-05   2.285E-05   27.28
 0.80 1.00 44.25 44.50   3.893E-06   2.801E-06   5.361E-06   12.34   5.839E-06   4.289E-06   7.887E-06   13.83
 0.80 1.00 44.50 44.75   2.270E-06   1.471E-06   3.435E-06    7.70   3.514E-06   2.498E-06   4.894E-06   11.57
 0.80 1.00 44.75 45.00   2.713E-07   3.271E-08   1.053E-06    0.81   1.177E-06   6.847E-07   1.952E-06    5.34
 0.80 1.00 45.00 45.25   1.396E-07   1.826E-09   8.492E-07    0.43   1.204E-07   3.399E-08   3.258E-07    1.52
 1.00 1.20 41.00 41.25   1.530E-03   5.609E-04   3.554E-03    2.08   0.000E+00        -NaN        -NaN    0.00
 1.00 1.20 41.25 41.50   9.550E-04   6.161E-04   1.451E-03    7.56   0.000E+00        -NaN        -NaN    0.00
 1.00 1.20 41.50 41.75   4.971E-04   3.563E-04   6.872E-04   12.08   1.658E-04  -1.360E-03   5.348E-03    0.06
 1.00 1.20 41.75 42.00   3.070E-04   2.342E-04   4.003E-04   17.39   1.650E-04   5.571E-06   8.746E-04    0.52
 1.00 1.20 42.00 42.25   1.745E-04   1.361E-04   2.228E-04   20.32   2.039E-04   8.123E-05   4.489E-04    2.36
 1.00 1.20 42.25 42.50   1.439E-04   1.158E-04   1.784E-04   25.78   2.324E-04   1.547E-04   3.434E-04    8.56
 1.00 1.20 42.50 42.75   1.152E-04   9.808E-05   1.351E-04   44.98   1.698E-04   1.264E-04   2.264E-04   14.97
 1.00 1.20 42.75 43.00   9.684E-05   8.373E-05   1.119E-04   54.19   1.549E-04   1.260E-04   1.899E-04   28.42
 1.00 1.20 43.00 43.25   5.471E-05   4.631E-05   6.454E-05   42.07   1.369E-04   1.166E-04   1.607E-04   44.81
 1.00 1.20 43.25 43.50   3.948E-05   3.243E-05   4.795E-05   31.04   8.156E-05   7.005E-05   9.485E-05   49.90
 1.00 1.20 43.50 43.75   3.101E-05   2.554E-05   3.757E-05   31.80   6.887E-05   5.903E-05   8.027E-05   48.57
 1.00 1.20 43.75 44.00   2.274E-05   1.894E-05   2.726E-05   35.38   3.995E-05   3.323E-05   4.794E-05   34.95
 1.00 1.20 44.00 44.25   1.354E-05   1.151E-05   1.591E-05   44.22   2.310E-05   1.833E-05   2.901E-05   23.07
 1.00 1.20 44.25 44.50   6.840E-06   5.566E-06   8.386E-06   28.45   8.479E-06   6.270E-06   1.138E-05   14.35
 1.00 1.20 44.50 44.75   1.601E-06   1.006E-06   2.489E-06    6.86   2.448E-06   1.606E-06   3.664E-06    8.07
 1.00 1.20 44.75 45.00   1.139E-06   5.538E-07   2.178E-06    3.39   7.596E-07   3.779E-07   1.428E-06    3.57
 1.00 1.20 45.00 45.25   9.776E-08   1.539E-09   5.815E-07    0.44   5.539E-07   3.024E-07   9.682E-07    4.46
 1.00 1.20 45.25 45.50   0.000E+00        -NaN        -NaN    0.00   7.870E-08   2.729E-08   1.892E-07    1.93
 1.20 1.50 41.25 41.50   1.228E-03   5.890E-04   2.372E-03    3.30   3.397E-03  -6.564E-01   2.882E-01    0.02
 1.20 1.50 41.50 41.75   4.801E-04   2.976E-04   7.553E-04    6.53   2.369E-03  -6.456E-05   2.719E-02    0.20
 1.20 1.50 41.75 42.00   2.783E-04   2.002E-04   3.832E-04   12.34   5.712E-04   2.745E-05   2.829E-03    0.57
 1.20 1.50 42.00 42.25   1.393E-04   1.051E-04   1.835E-04   16.21   3.080E-04   1.079E-04   7.359E-04    1.96
 1.20 1.50 42.25 42.50   9.546E-05   7.501E-05   1.210E-04   21.42   1.769E-04   1.003E-04   2.999E-04    4.94
 1.20 1.50 42.50 42.75   7.263E-05   6.031E-05   8.732E-05   34.35   1.615E-04   1.131E-04   2.280E-04   10.75
 1.20 1.50 42.75 43.00   7.368E-05   6.414E-05   8.456E-05   59.34   1.719E-04   1.371E-04   2.148E-04   24.00
 1.20 1.50 43.00 43.25   5.804E-05   5.096E-05   6.607E-05   66.74   1.053E-04   8.774E-05   1.262E-04   35.59
 1.20 1.50 43.25 43.50   5.056E-05   4.382E-05   5.829E-05   55.87   9.486E-05   8.296E-05   1.084E-04   63.19
 1.20 1.50 43.50 43.75   3.504E-05   2.978E-05   4.119E-05   43.87   6.958E-05   6.111E-05   7.917E-05   67.12
 1.20 1.50 43.75 44.00   2.583E-05   2.205E-05   3.022E-05   46.40   4.358E-05   3.775E-05   5.027E-05   55.55
 1.20 1.50 44.00 44.25   2.404E-05   2.111E-05   2.736E-05   66.85   3.267E-05   2.773E-05   3.844E-05   43.36
 1.20 1.50 44.25 44.50   7.461E-06   6.324E-06   8.793E-06   42.63   1.442E-05   1.152E-05   1.799E-05   24.35
 1.20 1.50 44.50 44.75   2.359E-06   1.768E-06   3.129E-06   15.53   4.355E-06   3.263E-06   5.776E-06   15.52
 1.20 1.50 44.75 45.00   7.799E-07   4.646E-07   1.269E-06    5.73   1.330E-06   8.692E-07   1.999E-06    7.94
 1.20 1.50 45.00 45.25   1.368E-07   1.344E-08   5.666E-07    0.74   2.100E-07   6.544E-08   5.379E-07    1.69
 1.20 1.50 45.25 45.50   0.000E+00        -NaN        -NaN    0.00   1.076E-07   3.573E-08   2.657E-07    1.83
 1.50 2.00 41.50 41.75   5.197E-04   2.309E-04   1.061E-03    2.84   8.037E-04  -1.160E+00   1.351E-01    0.01
 1.50 2.00 41.75 42.00   3.122E-04   2.030E-04   4.708E-04    7.80   2.326E-04  -6.538E-03   1.069E-02    0.05
 1.50 2.00 42.00 42.25   1.582E-04   1.155E-04   2.149E-04   13.36   2.329E-04   4.485E-06   1.349E-03    0.46
 1.50 2.00 42.25 42.50   8.868E-05   6.769E-05   1.156E-04   17.48   1.288E-04   3.878E-05   3.366E-04    1.62
 1.50 2.00 42.50 42.75   7.030E-05   5.756E-05   8.566E-05   30.09   1.129E-04   6.781E-05   1.825E-04    5.88
 1.50 2.00 42.75 43.00   6.149E-05   5.271E-05   7.166E-05   48.65   1.387E-04   1.062E-04   1.802E-04   17.86
 1.50 2.00 43.00 43.25   5.986E-05   5.291E-05   6.768E-05   73.87   1.068E-04   8.866E-05   1.285E-04   34.15
 1.50 2.00 43.25 43.50   3.799E-05   3.378E-05   4.270E-05   81.17   7.536E-05   6.521E-05   8.702E-05   54.72
 1.50 2.00 43.50 43.75   3.142E-05   2.768E-05   3.564E-05   70.17   6.368E-05   5.670E-05   7.149E-05   82.84
 1.50 2.00 43.75 44.00   2.279E-05   1.980E-05   2.620E-05   57.72   4.742E-05   4.241E-05   5.301E-05   89.11
 1.50 2.00 44.00 44.25   2.059E-05   1.791E-05   2.366E-05   58.53   3.000E-05   2.639E-05   3.408E-05   68.64
 1.50 2.00 44.25 44.50   1.040E-05   9.049E-06   1.194E-05   58.88   1.639E-05   1.390E-05   1.930E-05   42.90
 1.50 2.00 44.50 44.75   4.762E-06   4.055E-06   5.586E-06   44.99   6.509E-06   5.195E-06   8.130E-06   24.15
 1.50 2.00 44.75 45.00   1.797E-06   1.412E-06   2.278E-06   21.41   2.143E-06   1.576E-06   2.891E-06   13.93
 1.50 2.00 45.00 45.25   3.661E-07   1.857E-07   6.780E-07    3.73   5.175E-07   3.123E-07   8.329E-07    5.97
 1.50 2.00 45.25 45.50   8.664E-08   1.950E-08   2.628E-07    1.23   1.661E-07   6.650E-08   3.645E-07    2.38
 1.50 2.00 45.50 45.75   0.000E+00        -NaN        -NaN    0.00   8.419E-08   3.040E-08   1.975E-07    2.04
 1.50 2.00 45.75 46.00   1.259E-08  -3.761E-10   1.458E-07    0.20   1.880E-08   4.175E-09   5.740E-08    1.21
 2.00 2.50 41.75 42.00   3.562E-04   1.274E-04   8.405E-04    2.01   0.000E+00        -NaN        -NaN    0.00
 2.00 2.50 42.00 42.25   1.307E-04   6.547E-05   2.443E-04    3.62   9.297E-04  -4.146E-05   1.121E-02    0.19
 2.00 2.50 42.25 42.50   7.768E-05   4.900E-05   1.203E-04    6.96   9.699E-05  -5.825E-07   9.901E-04    0.23
 2.00 2.50 42.50 42.75   6.836E-05   5.019E-05   9.240E-05   13.78   1.271E-04   4.648E-05   2.957E-04    2.08
 2.00 2.50 42.75 43.00   5.701E-05   4.573E-05   7.085E-05   25.18   1.251E-04   7.667E-05   1.986E-04    6.29
 2.00 2.50 43.00 43.25   4.146E-05   3.437E-05   4.992E-05   33.84   9.238E-05   6.780E-05   1.249E-04   13.74
 2.00 2.50 43.25 43.50   3.637E-05   3.142E-05   4.205E-05   53.72   8.828E-05   7.249E-05   1.073E-04   30.86
 2.00 2.50 43.50 43.75   2.873E-05   2.512E-05   3.282E-05   63.14   7.066E-05   6.066E-05   8.222E-05   49.58
 2.00 2.50 43.75 44.00   2.717E-05   2.386E-05   3.092E-05   67.05   5.131E-05   4.491E-05   5.857E-05   63.97
 2.00 2.50 44.00 44.25   1.910E-05   1.637E-05   2.227E-05   48.42   3.332E-05   2.925E-05   3.794E-05   66.50
 2.00 2.50 44.25 44.50   1.196E-05   1.004E-05   1.422E-05   38.41   1.892E-05   1.609E-05   2.221E-05   44.45
 2.00 2.50 44.50 44.75   5.950E-06   4.895E-06   7.218E-06   31.42   7.629E-06   6.022E-06   9.630E-06   22.17
 2.00 2.50 44.75 45.00   2.008E-06   1.560E-06   2.571E-06   19.79   2.320E-06   1.568E-06   3.381E-06    9.15
 2.00 2.50 45.00 45.25   6.800E-07   4.433E-07   1.024E-06    7.87   7.579E-07   4.399E-07   1.260E-06    5.29
 2.00 2.50 45.25 45.50   1.604E-07   5.980E-08   3.686E-07    2.13   1.935E-07   7.310E-08   4.408E-07    2.18
 2.00 2.50 47.25 47.50   1.082E-10   3.670E-11   2.637E-10    1.88   0.000E+00        -NaN        -NaN    0.00
 2.50 3.50 42.25 42.50   4.702E-05   1.975E-05   9.987E-05    2.57   1.645E-04  -4.010E-04   3.902E-03    0.09
 2.50 3.50 42.50 42.75   2.010E-05   9.842E-06   3.822E-05    3.45   2.329E-05  -1.991E-05   4.396E-04    0.12
 2.50 3.50 42.75 43.00   2.091E-05   1.373E-05   3.127E-05    8.10   5.459E-05   1.451E-05   1.525E-04    1.43
 2.50 3.50 43.00 43.25   1.706E-05   1.265E-05   2.285E-05   14.57   3.880E-05   2.213E-05   6.544E-05    5.03
 2.50 3.50 43.25 43.50   1.708E-05   1.394E-05   2.088E-05   29.18   2.819E-05   1.900E-05   4.119E-05    9.03
 2.50 3.50 43.50 43.75   1.672E-05   1.438E-05   1.941E-05   50.90   2.886E-05   2.287E-05   3.629E-05   22.87
 2.50 3.50 43.75 44.00   1.738E-05   1.528E-05   1.976E-05   68.00   2.734E-05   2.290E-05   3.257E-05   37.67
 2.50 3.50 44.00 44.25   1.025E-05   8.853E-06   1.187E-05   53.18   1.814E-05   1.562E-05   2.105E-05   51.30
 2.50 3.50 44.25 44.50   7.378E-06   6.161E-06   8.821E-06   36.37   1.327E-05   1.146E-05   1.536E-05   53.44
 2.50 3.50 44.50 44.75   5.725E-06   4.794E-06   6.825E-06   37.47   7.749E-06   6.486E-06   9.244E-06   37.25
 2.50 3.50 44.75 45.00   1.278E-06   9.410E-07   1.723E-06   14.01   2.409E-06   1.774E-06   3.246E-06   14.02
 2.50 3.50 45.00 45.25   4.159E-07   2.665E-07   6.356E-07    7.37   5.797E-07   3.112E-07   1.027E-06    4.27
 2.50 3.50 45.25 45.50   9.296E-08   3.307E-08   2.200E-07    2.00   1.332E-07   4.579E-08   3.222E-07    1.91
 2.50 3.50 45.50 45.75   2.223E-08   1.049E-09   1.105E-07    0.57   4.676E-08   8.233E-09   1.580E-07    1.02
 3.50 5.00 43.00 43.25   3.272E-06   1.061E-06   8.190E-06    1.77   9.602E-06   6.414E-08   6.262E-05    0.40
 3.50 5.00 43.25 43.50   2.717E-06   1.179E-06   5.641E-06    2.72   2.603E-06   7.747E-09   1.806E-05    0.37
 3.50 5.00 43.50 43.75   1.787E-06   8.880E-07   3.363E-06    3.56   2.769E-06   6.384E-07   8.304E-06    1.25
 3.50 5.00 43.75 44.00   2.637E-06   1.833E-06   3.749E-06   10.37   4.533E-06   2.494E-06   7.873E-06    4.56
 3.50 5.00 44.00 44.25   1.807E-06   1.254E-06   2.574E-06   10.27   3.894E-06   2.583E-06   5.774E-06    8.44
 3.50 5.00 44.25 44.50   1.149E-06   7.746E-07   1.680E-06    9.03   1.983E-06   1.315E-06   2.939E-06    8.44
 3.50 5.00 44.50 44.75   6.826E-07   4.180E-07   1.085E-06    6.27   9.104E-07   5.232E-07   1.526E-06    5.14
 3.50 5.00 44.75 45.00   1.162E-07   2.603E-08   3.532E-07    1.22   2.943E-07   9.974E-08   7.176E-07    1.87
 5.00 7.00 44.00 44.25   5.087E-07   1.707E-07   1.248E-06    1.85   6.678E-07   4.835E-08   3.009E-06    0.65
 5.00 7.00 44.25 44.50   1.796E-07   5.145E-08   4.820E-07    1.54   2.524E-07   1.405E-08   1.211E-06    0.60