# Binned XLF estimates based on combining the hard-band or soft-band samples and correcting for absorption (Aird+15 Fig. 8)
# XLF estimates include Compton-thick sources.
# For the soft band, only bins with Nsoft>=1 should be plotted.
# For the hard band, only bins with Nhard>=1 should be plotted.
# LFsoft_lo, LFsoft_hi, LFhard_lo, LFhard_hi are 1sigma upper and lower limits, *not* error bars.
# zlo zhi   lblo  lbhi   LFsoft      LFsoft_lo   LFsoft_hi   Nsoft   LFhard     LFhard_lo    LFhard_hi   Nhard
 0.01 0.20 38.50 38.75   2.378E-02   5.502E-03   7.118E-02    1.25   2.175E-02  -4.853E-02   5.053E-01    0.09
 0.01 0.20 38.75 39.00   2.013E-02   8.418E-03   4.287E-02    2.55   1.644E-02  -1.435E-03   2.143E-01    0.17
 0.01 0.20 39.00 39.25   1.649E-02   8.642E-03   2.976E-02    4.03   8.688E-03  -2.479E-04   1.002E-01    0.20
 0.01 0.20 39.25 39.50   1.366E-02   8.816E-03   2.074E-02    7.58   5.621E-03   1.408E-05   3.945E-02    0.36
 0.01 0.20 39.50 39.75   1.112E-02   7.900E-03   1.550E-02   11.53   6.861E-03   1.127E-03   2.383E-02    0.97
 0.01 0.20 39.75 40.00   7.921E-03   5.947E-03   1.048E-02   15.73   4.807E-03   1.419E-03   1.269E-02    1.59
 0.01 0.20 40.00 40.25   4.423E-03   3.296E-03   5.895E-03   15.04   4.257E-03   1.974E-03   8.430E-03    3.08
 0.01 0.20 40.25 40.50   2.756E-03   2.043E-03   3.692E-03   14.56   2.770E-03   1.360E-03   5.258E-03    3.46
 0.01 0.20 40.50 40.75   1.721E-03   1.259E-03   2.334E-03   13.49   1.157E-03   5.237E-04   2.333E-03    2.94
 0.01 0.20 40.75 41.00   1.171E-03   8.350E-04   1.626E-03   11.77   7.057E-04   3.331E-04   1.380E-03    3.19
 0.01 0.20 41.00 41.25   7.469E-04   5.058E-04   1.087E-03    9.22   6.159E-04   3.359E-04   1.077E-03    4.45
 0.01 0.20 41.25 41.50   4.715E-04   2.897E-04   7.473E-04    6.34   4.451E-04   2.547E-04   7.486E-04    5.08
 0.01 0.20 41.50 41.75   3.308E-04   1.933E-04   5.470E-04    5.41   3.341E-04   1.969E-04   5.486E-04    5.54
 0.01 0.20 41.75 42.00   2.295E-04   1.354E-04   3.765E-04    5.56   2.276E-04   1.326E-04   3.772E-04    5.36
 0.01 0.20 42.00 42.25   1.835E-04   1.105E-04   2.959E-04    5.93   1.820E-04   1.063E-04   3.011E-04    5.39
 0.01 0.20 42.25 42.50   1.291E-04   8.062E-05   2.018E-04    6.70   9.331E-05   5.038E-05   1.645E-04    4.34
 0.01 0.20 42.50 42.75   1.030E-04   7.069E-05   1.482E-04    9.77   8.712E-05   5.410E-05   1.368E-04    6.58
 0.01 0.20 42.75 43.00   6.882E-05   4.868E-05   9.627E-05   11.30   8.375E-05   5.814E-05   1.192E-04   10.32
 0.01 0.20 43.00 43.25   4.239E-05   3.254E-05   5.496E-05   18.13   7.634E-05   5.798E-05   9.996E-05   16.91
 0.01 0.20 43.25 43.50   2.496E-05   1.999E-05   3.108E-05   24.81   2.964E-05   2.160E-05   4.033E-05   13.22
 0.01 0.20 43.50 43.75   9.747E-06   7.969E-06   1.189E-05   29.68   9.411E-06   6.126E-06   1.419E-05    7.83
 0.01 0.20 43.75 44.00   3.766E-06   3.074E-06   4.602E-06   29.29   4.018E-06   2.174E-06   7.075E-06    4.36
 0.01 0.20 44.00 44.25   1.451E-06   1.185E-06   1.773E-06   29.39   2.615E-06   1.112E-06   5.507E-06    2.62
 0.01 0.20 44.25 44.50   4.984E-07   3.914E-07   6.323E-07   21.32   1.062E-07  -1.111E-07   2.088E-06    0.11
 0.01 0.20 44.50 44.75   1.231E-07   8.814E-08   1.702E-07   12.03   3.588E-08  -1.466E-06   1.848E-06    0.04
 0.01 0.20 44.75 45.00   1.943E-08   9.225E-09   3.782E-08    3.23   2.227E-09  -7.330E-05   1.117E-06    0.00
 0.20 0.40 39.50 39.75   1.746E-02   5.954E-03   4.241E-02    1.89   0.000E+00        -NaN        -NaN    0.00
 0.20 0.40 39.75 40.00   1.047E-02   5.676E-03   1.842E-02    4.38   0.000E+00        -NaN        -NaN    0.00
 0.20 0.40 40.00 40.25   5.286E-03   3.349E-03   8.158E-03    7.07   0.000E+00        -NaN        -NaN    0.00
 0.20 0.40 40.25 40.50   3.132E-03   2.136E-03   4.527E-03    9.52   6.701E-05  -3.074E-01   1.685E-02    0.01
 0.20 0.40 40.50 40.75   1.834E-03   1.322E-03   2.523E-03   12.44   8.238E-04   7.598E-06   5.209E-03    0.41
 0.20 0.40 40.75 41.00   1.153E-03   8.534E-04   1.547E-03   14.44   1.293E-03   4.885E-04   2.948E-03    2.17
 0.20 0.40 41.00 41.25   8.778E-04   6.681E-04   1.147E-03   17.14   9.640E-04   5.051E-04   1.741E-03    4.02
 0.20 0.40 41.25 41.50   6.374E-04   4.816E-04   8.387E-04   16.36   5.756E-04   3.294E-04   9.682E-04    5.08
 0.20 0.40 41.50 41.75   4.578E-04   3.421E-04   6.088E-04   15.26   4.624E-04   2.985E-04   7.023E-04    7.57
 0.20 0.40 41.75 42.00   3.439E-04   2.533E-04   4.636E-04   14.02   3.856E-04   2.780E-04   5.300E-04   12.47
 0.20 0.40 42.00 42.25   2.441E-04   1.826E-04   3.242E-04   15.36   3.004E-04   2.279E-04   3.939E-04   16.77
 0.20 0.40 42.25 42.50   1.868E-04   1.419E-04   2.447E-04   16.89   2.233E-04   1.717E-04   2.890E-04   18.34
 0.20 0.40 42.50 42.75   1.692E-04   1.316E-04   2.165E-04   19.94   1.409E-04   1.063E-04   1.856E-04   16.22
 0.20 0.40 42.75 43.00   1.278E-04   1.018E-04   1.598E-04   23.85   9.268E-05   6.948E-05   1.228E-04   15.59
 0.20 0.40 43.00 43.25   9.666E-05   7.808E-05   1.194E-04   26.67   7.438E-05   5.679E-05   9.692E-05   17.50
 0.20 0.40 43.25 43.50   5.676E-05   4.487E-05   7.156E-05   22.41   4.953E-05   3.845E-05   6.352E-05   19.61
 0.20 0.40 43.50 43.75   2.841E-05   2.093E-05   3.829E-05   14.04   2.651E-05   2.026E-05   3.451E-05   17.60
 0.20 0.40 43.75 44.00   6.960E-06   3.946E-06   1.180E-05    4.95   1.158E-05   8.686E-06   1.533E-05   15.67
 0.20 0.40 44.00 44.25   4.769E-06   2.165E-06   9.591E-06    2.96   3.517E-06   2.456E-06   4.979E-06   10.61
 0.20 0.40 44.25 44.50   2.944E-06   1.806E-06   4.671E-06    6.31   1.370E-06   8.600E-07   2.132E-06    6.83
 0.20 0.40 44.50 44.75   6.681E-07   4.158E-07   1.047E-06    6.63   6.229E-07   2.966E-07   1.210E-06    3.25
 0.20 0.40 44.75 45.00   1.302E-07   8.049E-08   2.052E-07    6.48   3.786E-07   1.399E-07   8.751E-07    2.11
 0.20 0.40 45.00 45.25   1.402E-08   6.293E-09   2.842E-08    2.89   1.171E-08  -1.852E-08   2.516E-07    0.10
 0.40 0.60 40.25 40.50   3.057E-03   1.049E-03   7.400E-03    1.90   0.000E+00        -NaN        -NaN    0.00
 0.40 0.60 40.50 40.75   3.034E-03   1.914E-03   4.700E-03    6.96   0.000E+00        -NaN        -NaN    0.00
 0.40 0.60 40.75 41.00   1.967E-03   1.402E-03   2.733E-03   11.74   3.358E-04  -7.662E-03   1.449E-02    0.05
 0.40 0.60 41.00 41.25   1.473E-03   1.114E-03   1.936E-03   16.48   5.282E-04   1.029E-05   3.054E-03    0.46
 0.40 0.60 41.25 41.50   9.378E-04   7.217E-04   1.213E-03   18.46   8.505E-04   3.582E-04   1.803E-03    2.58
 0.40 0.60 41.50 41.75   5.890E-04   4.496E-04   7.674E-04   17.49   7.397E-04   4.433E-04   1.198E-03    5.84
 0.40 0.60 41.75 42.00   4.408E-04   3.401E-04   5.686E-04   18.78   4.849E-04   3.262E-04   7.097E-04    8.96
 0.40 0.60 42.00 42.25   3.274E-04   2.583E-04   4.134E-04   22.09   3.500E-04   2.596E-04   4.686E-04   14.62
 0.40 0.60 42.25 42.50   2.422E-04   1.936E-04   3.020E-04   24.51   3.321E-04   2.670E-04   4.119E-04   25.64
 0.40 0.60 42.50 42.75   2.029E-04   1.650E-04   2.490E-04   28.22   2.366E-04   1.950E-04   2.865E-04   31.98
 0.40 0.60 42.75 43.00   1.590E-04   1.306E-04   1.932E-04   30.92   1.590E-04   1.318E-04   1.916E-04   33.65
 0.40 0.60 43.00 43.25   1.379E-04   1.163E-04   1.633E-04   40.32   1.230E-04   1.010E-04   1.495E-04   30.90
 0.40 0.60 43.25 43.50   8.668E-05   7.349E-05   1.021E-04   42.79   7.127E-05   5.727E-05   8.843E-05   25.56
 0.40 0.60 43.50 43.75   4.711E-05   3.911E-05   5.665E-05   34.27   3.994E-05   3.169E-05   5.016E-05   23.07
 0.40 0.60 43.75 44.00   1.824E-05   1.403E-05   2.359E-05   18.42   2.208E-05   1.728E-05   2.812E-05   20.74
 0.40 0.60 44.00 44.25   4.407E-06   2.642E-06   7.131E-06    5.85   6.999E-06   4.812E-06   1.005E-05    9.86
 0.40 0.60 44.25 44.50   1.461E-06   5.728E-07   3.252E-06    2.30   2.853E-06   1.921E-06   4.175E-06    8.98
 0.40 0.60 44.50 44.75   5.462E-07   4.810E-08   2.335E-06    0.70   7.310E-07   4.144E-07   1.239E-06    4.95
 0.40 0.60 44.75 45.00   3.790E-07   2.823E-08   1.695E-06    0.66   1.324E-07   3.240E-08   3.856E-07    1.32
 0.40 0.60 45.00 45.25   1.330E-07   5.632E-08   2.808E-07    2.61   1.579E-08  -1.557E-09   2.091E-07    0.17
 0.40 0.60 45.25 45.50   3.417E-08   1.443E-08   7.231E-08    2.60   2.284E-09  -3.479E-07   1.791E-07    0.03
 0.60 0.80 40.50 40.75   4.579E-03   1.968E-03   9.574E-03    2.67   0.000E+00        -NaN        -NaN    0.00
 0.60 0.80 40.75 41.00   2.787E-03   1.675E-03   4.501E-03    5.90   1.437E-03  -2.075E+00   2.417E-01    0.01
 0.60 0.80 41.00 41.25   1.600E-03   1.111E-03   2.275E-03   10.34   2.974E-03  -1.896E-05   3.047E-02    0.23
 0.60 0.80 41.25 41.50   1.057E-03   7.714E-04   1.438E-03   13.30   2.296E-03   6.930E-04   5.990E-03    1.63
 0.60 0.80 41.50 41.75   6.717E-04   5.068E-04   8.849E-04   16.22   1.423E-03   7.668E-04   2.514E-03    4.31
 0.60 0.80 41.75 42.00   5.102E-04   3.920E-04   6.608E-04   18.26   6.518E-04   3.932E-04   1.049E-03    5.97
 0.60 0.80 42.00 42.25   4.051E-04   3.221E-04   5.078E-04   23.46   5.344E-04   3.796E-04   7.446E-04   11.55
 0.60 0.80 42.25 42.50   3.384E-04   2.799E-04   4.085E-04   33.01   4.208E-04   3.291E-04   5.359E-04   20.69
 0.60 0.80 42.50 42.75   2.738E-04   2.324E-04   3.222E-04   43.32   2.835E-04   2.346E-04   3.419E-04   33.29
 0.60 0.80 42.75 43.00   2.293E-04   1.969E-04   2.668E-04   49.66   2.667E-04   2.296E-04   3.095E-04   51.27
 0.60 0.80 43.00 43.25   1.729E-04   1.489E-04   2.005E-04   51.70   2.045E-04   1.790E-04   2.335E-04   63.79
 0.60 0.80 43.25 43.50   1.234E-04   1.067E-04   1.425E-04   54.45   1.398E-04   1.210E-04   1.613E-04   55.03
 0.60 0.80 43.50 43.75   7.614E-05   6.605E-05   8.770E-05   56.61   8.162E-05   6.905E-05   9.636E-05   41.75
 0.60 0.80 43.75 44.00   3.568E-05   3.017E-05   4.214E-05   41.56   3.189E-05   2.573E-05   3.942E-05   26.44
 0.60 0.80 44.00 44.25   1.210E-05   9.477E-06   1.538E-05   20.95   1.240E-05   9.378E-06   1.630E-05   16.45
 0.60 0.80 44.25 44.50   4.093E-06   2.640E-06   6.222E-06    7.55   4.739E-06   3.305E-06   6.714E-06   10.55
 0.60 0.80 44.50 44.75   1.201E-06   5.110E-07   2.528E-06    2.63   2.074E-06   1.304E-06   3.222E-06    6.87
 0.60 0.80 44.75 45.00   6.937E-07   2.437E-07   1.655E-06    1.96   8.365E-07   5.432E-07   1.264E-06    7.75
 0.60 0.80 45.00 45.25   1.972E-07   4.161E-09   1.127E-06    0.47   1.267E-07   4.805E-08   2.881E-07    2.19
 0.60 0.80 45.25 45.50   1.839E-07   6.203E-08   4.499E-07    1.86   1.009E-08  -4.310E-10   1.212E-07    0.19
 0.80 1.00 41.00 41.25   1.336E-03   6.811E-04   2.463E-03    3.77   0.000E+00        -NaN        -NaN    0.00
 0.80 1.00 41.25 41.50   1.122E-03   7.374E-04   1.678E-03    8.12   2.878E-04  -4.385E-02   2.257E-02    0.03
 0.80 1.00 41.50 41.75   6.598E-04   4.589E-04   9.373E-04   10.41   3.577E-04  -3.782E-07   3.354E-03    0.25
 0.80 1.00 41.75 42.00   4.142E-04   2.915E-04   5.822E-04   11.02   3.455E-04   7.906E-05   1.040E-03    1.24
 0.80 1.00 42.00 42.25   2.810E-04   2.044E-04   3.831E-04   13.07   3.610E-04   1.908E-04   6.475E-04    4.11
 0.80 1.00 42.25 42.50   2.783E-04   2.204E-04   3.502E-04   22.71   2.868E-04   1.923E-04   4.211E-04    8.83
 0.80 1.00 42.50 42.75   2.462E-04   2.055E-04   2.945E-04   36.18   2.710E-04   2.084E-04   3.507E-04   18.37
 0.80 1.00 42.75 43.00   1.873E-04   1.598E-04   2.193E-04   45.98   2.110E-04   1.742E-04   2.551E-04   32.49
 0.80 1.00 43.00 43.25   1.599E-04   1.377E-04   1.856E-04   51.18   1.604E-04   1.370E-04   1.875E-04   46.68
 0.80 1.00 43.25 43.50   1.432E-04   1.245E-04   1.645E-04   58.31   1.229E-04   1.061E-04   1.422E-04   53.12
 0.80 1.00 43.50 43.75   8.938E-05   7.768E-05   1.028E-04   58.02   8.557E-05   7.326E-05   9.983E-05   48.01
 0.80 1.00 43.75 44.00   5.625E-05   4.909E-05   6.441E-05   61.31   5.828E-05   4.912E-05   6.905E-05   40.11
 0.80 1.00 44.00 44.25   2.794E-05   2.392E-05   3.259E-05   48.08   2.989E-05   2.471E-05   3.609E-05   32.89
 0.80 1.00 44.25 44.50   8.807E-06   6.868E-06   1.125E-05   20.25   9.551E-06   7.312E-06   1.241E-05   17.81
 0.80 1.00 44.50 44.75   3.661E-06   2.544E-06   5.206E-06   10.37   4.254E-06   3.071E-06   5.842E-06   12.54
 0.80 1.00 44.75 45.00   5.836E-07   1.889E-07   1.462E-06    1.77   1.487E-06   9.065E-07   2.374E-06    6.17
 0.80 1.00 45.00 45.25   1.884E-07   9.876E-09   9.159E-07    0.58   1.986E-07   7.372E-08   4.578E-07    2.12
 0.80 1.00 45.75 46.00   1.272E-08   2.599E-09   4.032E-08    1.13   2.467E-10  -4.304E-06   9.906E-08    0.00
 1.00 1.20 41.00 41.25   1.785E-03   4.777E-04   4.968E-03    1.44   0.000E+00        -NaN        -NaN    0.00
 1.00 1.20 41.25 41.50   1.281E-03   6.849E-04   2.276E-03    4.23   0.000E+00        -NaN        -NaN    0.00
 1.00 1.20 41.50 41.75   6.965E-04   4.239E-04   1.113E-03    6.14   9.908E-05  -4.449E-02   1.116E-02    0.02
 1.00 1.20 41.75 42.00   4.485E-04   2.903E-04   6.795E-04    7.66   2.344E-04   2.792E-08   1.841E-03    0.31
 1.00 1.20 42.00 42.25   3.082E-04   2.125E-04   4.414E-04    9.99   2.277E-04   4.546E-05   7.294E-04    1.11
 1.00 1.20 42.25 42.50   2.355E-04   1.739E-04   3.167E-04   14.23   2.241E-04   1.182E-04   4.028E-04    4.08
 1.00 1.20 42.50 42.75   2.217E-04   1.786E-04   2.745E-04   26.06   2.355E-04   1.634E-04   3.354E-04   10.28
 1.00 1.20 42.75 43.00   1.902E-04   1.610E-04   2.244E-04   42.04   1.791E-04   1.390E-04   2.298E-04   19.59
 1.00 1.20 43.00 43.25   1.529E-04   1.308E-04   1.785E-04   47.59   1.553E-04   1.290E-04   1.867E-04   34.47
 1.00 1.20 43.25 43.50   1.103E-04   9.468E-05   1.284E-04   49.33   1.150E-04   9.882E-05   1.337E-04   50.12
 1.00 1.20 43.50 43.75   9.043E-05   7.790E-05   1.049E-04   51.70   1.012E-04   8.779E-05   1.165E-04   56.77
 1.00 1.20 43.75 44.00   5.538E-05   4.771E-05   6.421E-05   51.83   6.831E-05   5.857E-05   7.958E-05   48.85
 1.00 1.20 44.00 44.25   3.069E-05   2.653E-05   3.547E-05   54.03   3.208E-05   2.632E-05   3.902E-05   30.62
 1.00 1.20 44.25 44.50   1.431E-05   1.199E-05   1.705E-05   37.62   1.363E-05   1.053E-05   1.755E-05   19.00
 1.00 1.20 44.50 44.75   3.593E-06   2.538E-06   5.032E-06   11.22   3.624E-06   2.476E-06   5.233E-06    9.58
 1.00 1.20 44.75 45.00   1.416E-06   7.616E-07   2.505E-06    4.29   1.016E-06   5.330E-07   1.832E-06    4.04
 1.00 1.20 45.00 45.25   3.265E-07   7.068E-08   1.008E-06    1.19   6.385E-07   3.373E-07   1.145E-06    4.11
 1.00 1.20 45.25 45.50   5.752E-08  -7.248E-11   5.430E-07    0.25   1.271E-07   4.852E-08   2.876E-07    2.21
 1.20 1.50 41.25 41.50   1.087E-03   3.532E-04   2.719E-03    1.78   5.492E-03  -1.061E+00   4.659E-01    0.02
 1.20 1.50 41.50 41.75   5.216E-04   2.433E-04   1.029E-03    3.12   2.093E-03  -2.579E-03   4.261E-02    0.11
 1.20 1.50 41.75 42.00   3.278E-04   1.893E-04   5.473E-04    5.22   5.491E-04  -2.248E-08   4.772E-03    0.28
 1.20 1.50 42.00 42.25   2.005E-04   1.276E-04   3.083E-04    7.18   3.157E-04   5.267E-05   1.090E-03    0.98
 1.20 1.50 42.25 42.50   1.632E-04   1.157E-04   2.278E-04   11.43   1.756E-04   7.257E-05   3.773E-04    2.50
 1.20 1.50 42.50 42.75   1.432E-04   1.123E-04   1.819E-04   21.09   1.619E-04   1.005E-04   2.543E-04    6.57
 1.20 1.50 42.75 43.00   1.325E-04   1.110E-04   1.580E-04   37.44   1.508E-04   1.125E-04   2.009E-04   15.10
 1.20 1.50 43.00 43.25   1.232E-04   1.066E-04   1.423E-04   54.76   1.347E-04   1.102E-04   1.642E-04   29.95
 1.20 1.50 43.25 43.50   1.004E-04   8.800E-05   1.145E-04   64.91   1.078E-04   9.290E-05   1.249E-04   52.12
 1.20 1.50 43.50 43.75   7.928E-05   6.973E-05   9.007E-05   68.60   8.727E-05   7.695E-05   9.892E-05   71.13
 1.20 1.50 43.75 44.00   5.900E-05   5.197E-05   6.693E-05   70.18   6.738E-05   5.934E-05   7.646E-05   69.94
 1.20 1.50 44.00 44.25   4.415E-05   3.924E-05   4.964E-05   80.66   4.294E-05   3.723E-05   4.948E-05   56.20
 1.20 1.50 44.25 44.50   1.637E-05   1.422E-05   1.882E-05   57.92   1.919E-05   1.586E-05   2.318E-05   32.76
 1.20 1.50 44.50 44.75   5.078E-06   4.051E-06   6.345E-06   24.07   6.013E-06   4.602E-06   7.818E-06   17.77
 1.20 1.50 44.75 45.00   1.365E-06   8.938E-07   2.046E-06    8.02   1.710E-06   1.137E-06   2.529E-06    8.53
 1.20 1.50 45.00 45.25   3.222E-07   1.106E-07   7.797E-07    1.90   3.301E-07   1.312E-07   7.277E-07    2.35
 1.20 1.50 45.25 45.50   3.795E-08  -7.189E-11   3.644E-07    0.25   1.590E-07   5.355E-08   3.891E-07    1.86
 1.50 2.00 41.50 41.75   5.006E-04   1.354E-04   1.386E-03    1.45   8.441E-04  -5.660E+00   2.424E-01    0.01
 1.50 2.00 41.75 42.00   3.064E-04   1.484E-04   5.875E-04    3.37   1.399E-04  -7.414E-02   1.667E-02    0.02
 1.50 2.00 42.00 42.25   2.144E-04   1.292E-04   3.455E-04    5.94   2.769E-04  -5.538E-08   2.473E-03    0.27
 1.50 2.00 42.25 42.50   1.411E-04   9.505E-05   2.063E-04    9.01   1.282E-04   1.660E-05   4.860E-04    0.85
 1.50 2.00 42.50 42.75   1.154E-04   8.814E-05   1.504E-04   17.52   1.152E-04   5.541E-05   2.220E-04    3.32
 1.50 2.00 42.75 43.00   9.364E-05   7.692E-05   1.138E-04   30.98   1.381E-04   9.776E-05   1.931E-04   11.34
 1.50 2.00 43.00 43.25   8.856E-05   7.651E-05   1.024E-04   53.64   1.184E-04   9.515E-05   1.468E-04   25.62
 1.50 2.00 43.25 43.50   6.875E-05   6.073E-05   7.778E-05   73.09   9.028E-05   7.685E-05   1.059E-04   44.82
 1.50 2.00 43.50 43.75   5.639E-05   5.021E-05   6.330E-05   82.89   7.798E-05   6.888E-05   8.825E-05   72.93
 1.50 2.00 43.75 44.00   4.735E-05   4.223E-05   5.306E-05   85.30   5.917E-05   5.307E-05   6.596E-05   93.49
 1.50 2.00 44.00 44.25   3.462E-05   3.082E-05   3.887E-05   82.78   3.970E-05   3.539E-05   4.451E-05   84.61
 1.50 2.00 44.25 44.50   1.886E-05   1.670E-05   2.128E-05   76.05   2.164E-05   1.871E-05   2.501E-05   54.14
 1.50 2.00 44.50 44.75   7.753E-06   6.701E-06   8.961E-06   54.00   8.818E-06   7.213E-06   1.076E-05   29.82
 1.50 2.00 44.75 45.00   2.696E-06   2.167E-06   3.344E-06   25.63   2.544E-06   1.885E-06   3.409E-06   14.53
 1.50 2.00 45.00 45.25   5.929E-07   3.540E-07   9.627E-07    5.78   6.276E-07   3.842E-07   9.978E-07    6.27
 1.50 2.00 45.25 45.50   1.545E-07   5.157E-08   3.802E-07    1.84   1.966E-07   8.407E-08   4.123E-07    2.65
 1.50 2.00 45.50 45.75   1.853E-08  -3.286E-10   2.047E-07    0.21   6.584E-08   2.325E-08   1.566E-07    1.98
 1.50 2.00 45.75 46.00   1.182E-08  -1.542E-09   1.625E-07    0.16   1.928E-08   4.152E-09   5.968E-08    1.18
 2.00 2.50 42.00 42.25   1.567E-04   4.994E-05   3.961E-04    1.74   8.615E-05  -2.093E-01   1.736E-02    0.01
 2.00 2.50 42.25 42.50   1.073E-04   5.241E-05   2.046E-04    3.42   6.849E-05  -2.090E-04   1.714E-03    0.09
 2.00 2.50 42.50 42.75   9.182E-05   5.954E-05   1.389E-04    7.71   1.040E-04   1.627E-05   3.679E-04    0.94
 2.00 2.50 42.75 43.00   7.797E-05   5.828E-05   1.036E-04   15.30   9.359E-05   4.618E-05   1.770E-04    3.50
 2.00 2.50 43.00 43.25   6.266E-05   5.012E-05   7.811E-05   24.57   8.405E-05   5.711E-05   1.220E-04    9.35
 2.00 2.50 43.25 43.50   5.170E-05   4.372E-05   6.105E-05   41.60   9.081E-05   7.230E-05   1.137E-04   23.69
 2.00 2.50 43.50 43.75   4.443E-05   3.854E-05   5.116E-05   56.68   7.396E-05   6.260E-05   8.726E-05   42.05
 2.00 2.50 43.75 44.00   4.196E-05   3.703E-05   4.752E-05   72.08   5.415E-05   4.718E-05   6.210E-05   60.05
 2.00 2.50 44.00 44.25   3.130E-05   2.748E-05   3.563E-05   66.72   3.932E-05   3.461E-05   4.463E-05   69.49
 2.00 2.50 44.25 44.50   1.995E-05   1.730E-05   2.300E-05   56.03   2.261E-05   1.951E-05   2.619E-05   52.67
 2.00 2.50 44.50 44.75   8.874E-06   7.466E-06   1.053E-05   39.36   9.512E-06   7.673E-06   1.176E-05   26.39
 2.00 2.50 44.75 45.00   3.040E-06   2.420E-06   3.807E-06   23.65   2.907E-06   2.047E-06   4.082E-06   11.06
 2.00 2.50 45.00 45.25   9.481E-07   6.444E-07   1.375E-06    9.37   8.531E-07   5.094E-07   1.385E-06    5.78
 2.00 2.50 45.25 45.50   2.373E-07   1.053E-07   4.849E-07    2.84   2.099E-07   7.963E-08   4.770E-07    2.19
 2.00 2.50 47.25 47.50   1.176E-10   4.026E-11   2.851E-10    1.90   0.000E+00        -NaN        -NaN    0.00
 2.50 3.50 42.25 42.50   5.435E-05   1.330E-05   1.583E-04    1.32   3.375E-05  -6.248E-02   6.186E-03    0.01
 2.50 3.50 42.50 42.75   3.532E-05   1.533E-05   7.333E-05    2.72   1.354E-05  -1.971E-04   5.126E-04    0.05
 2.50 3.50 42.75 43.00   2.459E-05   1.421E-05   4.102E-05    5.23   3.107E-05   2.615E-06   1.345E-04    0.69
 2.50 3.50 43.00 43.25   2.131E-05   1.489E-05   3.013E-05   10.66   3.627E-05   1.716E-05   7.077E-05    3.21
 2.50 3.50 43.25 43.50   2.008E-05   1.576E-05   2.550E-05   21.15   2.720E-05   1.715E-05   4.216E-05    6.94
 2.50 3.50 43.50 43.75   1.953E-05   1.646E-05   2.314E-05   40.08   2.757E-05   2.102E-05   3.598E-05   17.32
 2.50 3.50 43.75 44.00   2.128E-05   1.860E-05   2.432E-05   62.87   2.489E-05   2.049E-05   3.017E-05   31.64
 2.50 3.50 44.00 44.25   1.563E-05   1.367E-05   1.786E-05   63.18   1.880E-05   1.608E-05   2.196E-05   47.44
 2.50 3.50 44.25 44.50   1.116E-05   9.595E-06   1.296E-05   50.67   1.530E-05   1.325E-05   1.765E-05   55.42
 2.50 3.50 44.50 44.75   7.777E-06   6.621E-06   9.123E-06   44.91   8.135E-06   6.844E-06   9.656E-06   39.33
 2.50 3.50 44.75 45.00   2.040E-06   1.577E-06   2.626E-06   19.07   2.583E-06   1.942E-06   3.416E-06   15.84
 2.50 3.50 45.00 45.25   6.226E-07   4.217E-07   9.059E-07    9.23   6.971E-07   4.060E-07   1.156E-06    5.35
 2.50 3.50 45.25 45.50   1.318E-07   5.502E-08   2.811E-07    2.55   1.488E-07   5.234E-08   3.548E-07    1.97
 3.50 5.00 43.00 43.25   3.377E-06   6.710E-07   1.084E-05    1.11   1.120E-05   1.581E-08   8.110E-05    0.35
 3.50 5.00 43.25 43.50   2.867E-06   1.044E-06   6.688E-06    2.06   1.873E-06  -1.593E-08   1.956E-05    0.22
 3.50 5.00 43.50 43.75   2.135E-06   1.011E-06   4.161E-06    3.22   2.241E-06   2.882E-07   8.513E-06    0.84
 3.50 5.00 43.75 44.00   2.764E-06   1.814E-06   4.136E-06    8.09   4.862E-06   2.579E-06   8.697E-06    4.14
 3.50 5.00 44.00 44.25   2.126E-06   1.474E-06   3.027E-06   10.27   3.655E-06   2.340E-06   5.589E-06    7.35
 3.50 5.00 44.25 44.50   1.394E-06   9.440E-07   2.029E-06    9.21   1.976E-06   1.274E-06   3.004E-06    7.54
 3.50 5.00 44.50 44.75   1.011E-06   6.477E-07   1.546E-06    7.36   8.971E-07   5.051E-07   1.529E-06    4.85
 3.50 5.00 44.75 45.00   3.331E-07   1.486E-07   6.780E-07    2.86   4.289E-07   1.953E-07   8.605E-07    2.97
 3.50 5.00 45.00 45.25   1.238E-07   3.047E-08   3.595E-07    1.33   1.710E-07   4.879E-08   4.601E-07    1.53
 5.00 7.00 44.25 44.50   2.192E-07   4.686E-08   6.809E-07    1.17   2.443E-07   7.923E-09   1.305E-06    0.51
 5.00 7.00 44.75 45.00   1.179E-07   2.154E-08   3.924E-07    1.04   1.092E-07   8.629E-09   4.808E-07    0.67