z_min z_max z_mean MJ lf lf_sigma label
0.00 0.15 1.116704e-01   -2.050000e+01   3.627797e-05   2.565255e-05   1
0.00 0.15 1.116704e-01   -1.950000e+01   3.832302e-05   2.728889e-05   1
0.00 0.15 1.116704e-01   -1.850000e+01   1.786415e-04   6.586803e-05   1
0.00 0.15 1.116704e-01   -1.750000e+01   6.278928e-04   3.182328e-04   -1
0.00 0.15 1.116704e-01   -1.650000e+01   1.157371e-03   8.516852e-04   -1
0.00 0.15 1.116704e-01   -1.450000e+01   8.840623e-03   8.840623e-03   -1
0.15 0.25 2.073543e-01   -2.250000e+01   6.532044e-06   6.532044e-06   1
0.15 0.25 2.073543e-01   -2.150000e+01   2.939420e-05   1.200013e-05   1
0.15 0.25 2.073543e-01   -2.050000e+01   5.591208e-05   2.035813e-05   1
0.15 0.25 2.073543e-01   -1.950000e+01   1.189266e-04   3.015229e-05   1
0.15 0.25 2.073543e-01   -1.850000e+01   2.685912e-04   9.311311e-05   -1
0.15 0.25 2.073543e-01   -1.750000e+01   1.467597e-04   5.386849e-05   -1
0.15 0.25 2.073543e-01   -1.650000e+01   6.774832e-05   4.326186e-05   -1
0.15 0.25 2.073543e-01   -1.550000e+01   1.222191e-04   5.728865e-05   -1
0.15 0.25 2.073543e-01   -1.450000e+01   8.667850e-06   8.667850e-06   -1
0.25 0.50 3.966011e-01   -2.550000e+01   6.742419e-07   6.742419e-07   1
0.25 0.50 3.966011e-01   -2.350000e+01   3.692277e-06   1.663056e-06   1
0.25 0.50 3.966011e-01   -2.250000e+01   1.505862e-05   3.528783e-06   1
0.25 0.50 3.966011e-01   -2.150000e+01   4.691738e-05   7.392502e-06   1
0.25 0.50 3.966011e-01   -2.050000e+01   8.569474e-05   1.629425e-05   -1
0.25 0.50 3.966011e-01   -1.950000e+01   1.073158e-04   1.817095e-05   -1
0.25 0.50 3.966011e-01   -1.850000e+01   9.619981e-05   2.683895e-05   -1
0.25 0.50 3.966011e-01   -1.750000e+01   7.766722e-05   4.393572e-05   -1
0.25 0.50 3.966011e-01   -1.650000e+01   1.695337e-05   1.070440e-05   -1
0.50 0.75 6.357235e-01   -2.550000e+01   6.501241e-07   4.597072e-07   1
0.50 0.75 6.357235e-01   -2.450000e+01   3.077603e-06   1.028100e-06   1
0.50 0.75 6.357235e-01   -2.350000e+01   9.624138e-06   1.969758e-06   1
0.50 0.75 6.357235e-01   -2.250000e+01   1.938289e-05   5.147552e-06   1
0.50 0.75 6.357235e-01   -2.150000e+01   3.671999e-05   7.812982e-06   -1
0.50 0.75 6.357235e-01   -2.050000e+01   3.349347e-05   9.009875e-06   -1
0.50 0.75 6.357235e-01   -1.950000e+01   1.640528e-05   6.474359e-06   -1
0.50 0.75 6.357235e-01   -1.850000e+01   8.696160e-06   4.313031e-06   -1
0.75 1.00 8.810576e-01   -3.250000e+01   0.000000e+00   6.610394e-07   0
0.75 1.00 8.810576e-01   -3.150000e+01   0.000000e+00   6.610394e-07   0
0.75 1.00 8.810576e-01   -3.050000e+01   0.000000e+00   6.610394e-07   0
0.75 1.00 8.810576e-01   -2.950000e+01   0.000000e+00   6.610394e-07   0
0.75 1.00 8.810576e-01   -2.850000e+01   0.000000e+00   6.610394e-07   0
0.75 1.00 8.810576e-01   -2.750000e+01   0.000000e+00   6.610394e-07   0
0.75 1.00 8.810576e-01   -2.650000e+01   0.000000e+00   6.610394e-07   0
0.75 1.00 8.810576e-01   -2.550000e+01   1.376199e-06   5.639989e-07   1
0.75 1.00 8.810576e-01   -2.450000e+01   7.430876e-06   1.339062e-06   1
0.75 1.00 8.810576e-01   -2.350000e+01   1.000189e-05   1.631383e-06   1
0.75 1.00 8.810576e-01   -2.250000e+01   1.294761e-05   2.138082e-06   1
0.75 1.00 8.810576e-01   -2.150000e+01   2.550282e-05   7.374552e-06   -1
0.75 1.00 8.810576e-01   -2.050000e+01   1.999416e-05   9.247555e-06   -1
0.75 1.00 8.810576e-01   -1.950000e+01   5.724287e-06   3.510650e-06   -1
1.00 1.50 1.261361e+00   -3.250000e+01   0.000000e+00   2.456152e-07   0
1.00 1.50 1.261361e+00   -3.150000e+01   0.000000e+00   2.456152e-07   0
1.00 1.50 1.261361e+00   -3.050000e+01   0.000000e+00   2.456152e-07   0
1.00 1.50 1.261361e+00   -2.950000e+01   0.000000e+00   2.456152e-07   0
1.00 1.50 1.261361e+00   -2.850000e+01   0.000000e+00   2.456152e-07   0
1.00 1.50 1.261361e+00   -2.750000e+01   2.977154e-07   1.732060e-07   1
1.00 1.50 1.261361e+00   -2.650000e+01   8.049280e-07   2.714194e-07   1
1.00 1.50 1.261361e+00   -2.550000e+01   6.489276e-06   1.372600e-06   1
1.00 1.50 1.261361e+00   -2.450000e+01   1.041056e-05   1.162008e-06   1
1.00 1.50 1.261361e+00   -2.350000e+01   1.717560e-05   1.691876e-06   1
1.00 1.50 1.261361e+00   -2.250000e+01   1.991009e-05   3.642004e-06   -1
1.00 1.50 1.261361e+00   -2.150000e+01   8.442160e-06   2.993825e-06   -1
1.50 2.00 1.753984e+00   -3.250000e+01   0.000000e+00   2.067630e-07   0
1.50 2.00 1.753984e+00   -3.150000e+01   0.000000e+00   2.067630e-07   0
1.50 2.00 1.753984e+00   -3.050000e+01   0.000000e+00   2.067630e-07   0
1.50 2.00 1.753984e+00   -2.950000e+01   0.000000e+00   2.067630e-07   0
1.50 2.00 1.753984e+00   -2.850000e+01   0.000000e+00   2.067630e-07   0
1.50 2.00 1.753984e+00   -2.750000e+01   2.981041e-07   1.791472e-07   1
1.50 2.00 1.753984e+00   -2.650000e+01   1.839598e-06   4.040990e-07   1
1.50 2.00 1.753984e+00   -2.550000e+01   6.061736e-06   6.812626e-07   1
1.50 2.00 1.753984e+00   -2.450000e+01   1.000553e-05   9.823165e-07   1
1.50 2.00 1.753984e+00   -2.350000e+01   1.723399e-05   3.105931e-06   1
1.50 2.00 1.753984e+00   -2.250000e+01   2.183444e-06   1.051276e-06   -1
2.00 2.50 2.250779e+00   -3.250000e+01   0.000000e+00   1.960774e-07   0
2.00 2.50 2.250779e+00   -3.150000e+01   0.000000e+00   1.960774e-07   0
2.00 2.50 2.250779e+00   -3.050000e+01   0.000000e+00   1.960774e-07   0
2.00 2.50 2.250779e+00   -2.950000e+01   6.535913e-08   6.535913e-08   0
2.00 2.50 2.250779e+00   -2.850000e+01   6.535913e-08   6.535913e-08   0
2.00 2.50 2.250779e+00   -2.750000e+01   1.514384e-06   3.529679e-07   1
2.00 2.50 2.250779e+00   -2.650000e+01   1.942565e-06   5.793613e-07   1
2.00 2.50 2.250779e+00   -2.550000e+01   6.002378e-06   1.056131e-06   1
2.00 2.50 2.250779e+00   -2.450000e+01   8.630582e-06   1.290768e-06   1
2.00 2.50 2.250779e+00   -2.350000e+01   8.653485e-06   3.442370e-06   -1
2.00 2.50 2.250779e+00   -2.250000e+01   2.664544e-07   2.664544e-07   -1
2.00 2.50 2.250779e+00   -2.150000e+01   3.596753e-07   3.596753e-07   -1
2.50 3.00 2.749231e+00   -3.250000e+01   0.000000e+00   1.963857e-07   0
2.50 3.00 2.749231e+00   -3.150000e+01   0.000000e+00   1.963857e-07   0
2.50 3.00 2.749231e+00   -3.050000e+01   0.000000e+00   1.963857e-07   0
2.50 3.00 2.749231e+00   -2.950000e+01   0.000000e+00   1.963857e-07   0
2.50 3.00 2.749231e+00   -2.850000e+01   2.176806e-07   1.268750e-07   1
2.50 3.00 2.749231e+00   -2.750000e+01   8.907961e-07   2.612591e-07   1
2.50 3.00 2.749231e+00   -2.650000e+01   1.552178e-06   4.701788e-07   1
2.50 3.00 2.749231e+00   -2.550000e+01   8.906422e-06   3.182046e-06   1
2.50 3.00 2.749231e+00   -2.450000e+01   3.129578e-06   7.839251e-07   1
2.50 3.00 2.749231e+00   -2.350000e+01   1.155617e-05   8.246966e-06   -1
3.00 4.00 3.492868e+00   -3.250000e+01   0.000000e+00   1.032296e-07   0
3.00 4.00 3.492868e+00   -3.150000e+01   0.000000e+00   1.032296e-07   0
3.00 4.00 3.492868e+00   -3.050000e+01   0.000000e+00   1.032296e-07   0
3.00 4.00 3.492868e+00   -2.950000e+01   0.000000e+00   1.032296e-07   0
3.00 4.00 3.492868e+00   -2.850000e+01   2.335124e-07   9.557811e-08   1
3.00 4.00 3.492868e+00   -2.750000e+01   6.021893e-07   1.637411e-07   1
3.00 4.00 3.492868e+00   -2.650000e+01   1.035600e-06   2.758274e-07   1
3.00 4.00 3.492868e+00   -2.550000e+01   1.001826e-06   2.550248e-07   1
3.00 4.00 3.492868e+00   -2.450000e+01   2.710793e-06   1.397426e-06   -1
4.00 5.00 4.491015e+00   -3.250000e+01   0.000000e+00   1.139275e-07   0
4.00 5.00 4.491015e+00   -3.150000e+01   0.000000e+00   1.139275e-07   0
4.00 5.00 4.491015e+00   -3.050000e+01   0.000000e+00   1.139275e-07   0
4.00 5.00 4.491015e+00   -2.950000e+01   0.000000e+00   1.139275e-07   0
4.00 5.00 4.491015e+00   -2.850000e+01   8.619910e-08   6.138116e-08   1
4.00 5.00 4.491015e+00   -2.750000e+01   3.979615e-07   1.745003e-07   1
4.00 5.00 4.491015e+00   -2.650000e+01   6.487004e-07   6.487004e-07   0
5.00 5.85 5.418763e+00   -3.250000e+01   0.000000e+00   1.482798e-07   0
5.00 5.85 5.418763e+00   -3.150000e+01   0.000000e+00   1.482798e-07   0
5.00 5.85 5.418763e+00   -3.050000e+01   0.000000e+00   1.482798e-07   0
5.00 5.85 5.418763e+00   -2.950000e+01   0.000000e+00   1.482798e-07   0
5.00 5.85 5.418763e+00   -2.850000e+01   8.423954e-08   8.423954e-08   0
5.00 5.85 5.418763e+00   -2.750000e+01   1.417977e-07   1.002806e-07   1
